,0,1,tau
0,0.0,0.0,17.328679513998633
1,0.999999940395357,0.0,17.328679513998633
2,0.999999999640755,1.895371245961673e-05,17.328679513998633
3,0.9999999999101892,9.476762511575266e-06,17.328679513998633
4,0.9999999999600844,6.3177375399422805e-06,17.328679513998633
5,0.9999999999775477,4.738193812680102e-06,17.328679513998633
6,0.9999999999856307,3.7904425825615475e-06,17.328679513998633
7,0.9999999999900215,3.1585876002912307e-06,17.328679513998633
8,0.9999999999926691,2.7072447588768646e-06,17.328679513998633
9,0.9999999999943874,2.3687220046959757e-06,17.328679513998633
10,0.9999999999955654,2.105412641180814e-06,17.328679513998633
11,0.9999999999964081,1.894752650291429e-06,17.328679513998633
12,0.9999999999970316,1.7223831113668113e-06,17.328679513998633
13,0.9999999999975059,1.5787314105503798e-06,17.328679513998633
14,0.9999999999978749,1.4571703535575157e-06,17.328679513998633
15,0.9999999999981677,1.352966230114139e-06,17.328679513998633
16,0.9999999999984039,1.262647652619847e-06,17.328679513998633
17,0.9999999999985972,1.1836110803123688e-06,17.328679513998633
18,0.9999999999987575,1.1138655701975072e-06,17.328679513998633
19,0.9999999999988918,1.0518626110024272e-06,17.328679513998633
20,0.9999999999990055,9.963796937752747e-07,17.328679513998633
21,0.9999999999991025,9.464388113049065e-07,17.328679513998633
22,0.999999999999186,9.012482434206978e-07,17.328679513998633
23,0.9999999999992584,8.601602190287625e-07,17.328679513998633
24,0.9999999999993215,8.226396228343771e-07,17.328679513998633
25,0.9999999999993769,7.882405253837961e-07,17.328679513998633
26,0.9999999999994258,7.565883458960317e-07,17.328679513998633
27,0.9999999999994692,7.273661313642213e-07,17.328679513998633
28,0.9999999999995078,7.003038847455782e-07,17.328679513998633
29,0.9999999999995424,6.75170179967782e-07,17.328679513998633
30,0.9999999999995735,6.517655117616302e-07,17.328679513998633
31,0.9999999999996014,6.299169755271603e-07,17.328679513998633
32,0.9999999999996267,6.094739769031009e-07,17.328679513998633
33,0.9999999999996497,5.9030474579205e-07,17.328679513998633
34,0.9999999999996707,5.722934841992572e-07,17.328679513998633
35,0.9999999999996898,5.55338017393972e-07,17.328679513998633
36,0.9999999999997073,5.393478477288465e-07,17.328679513998633
37,0.9999999999997234,5.242425328227696e-07,17.328679513998633
38,0.9999999999997382,5.099503267410788e-07,17.328679513998633
39,0.9999999999997518,4.964070357262647e-07,17.328679513998633
40,0.9999999999997644,4.835550499701042e-07,17.328679513998633
41,0.9999999999997761,4.71342520619973e-07,17.328679513998633
42,0.9999999999997868,4.597226572232584e-07,17.328679513998633
43,0.9999999999997969,4.48653125536855e-07,17.328679513998633
44,0.9999999999998063,4.3809552936324173e-07,17.328679513998633
45,0.999999999999815,4.280149630452753e-07,17.328679513998633
46,0.9999999999998231,4.183796236283433e-07,17.328679513998633
47,0.9999999999998308,4.0916047361006226e-07,17.328679513998633
48,0.9999999999998379,4.0033094674320537e-07,17.328679513998633
49,0.9999999999998447,3.91866690613263e-07,17.328679513998633
50,0.999999999999851,3.8374534073711826e-07,17.328679513998633
51,0.9999999999998569,3.759463217698804e-07,17.328679513998633
52,0.9999999999998624,3.6845067209914933e-07,17.328679513998633
53,0.9999999999998678,3.6124088867840284e-07,17.328679513998633
54,0.9999999999998727,3.5430078942641464e-07,17.328679513998633
55,0.9999999999998774,3.476153909156258e-07,17.328679513998633
56,0.9999999999998819,3.411707994036021e-07,17.328679513998633
57,0.999999999999886,3.3495411353969187e-07,17.328679513998633
58,0.99999999999989,3.2895333731308786e-07,17.328679513998633
59,0.9999999999998938,3.2315730200626137e-07,17.328679513998633
60,0.9999999999998974,3.1755559608533487e-07,17.328679513998633
61,0.9999999999999007,3.1213850210141674e-07,17.328679513998633
62,0.9999999999999041,3.068969397983618e-07,17.328679513998633
63,0.9999999999999071,3.018224147262316e-07,17.328679513998633
64,0.9999999999999101,2.9690697174871085e-07,17.328679513998633
65,0.9999999999999128,2.9214315290920243e-07,17.328679513998633
66,0.9999999999999155,2.875239591862063e-07,17.328679513998633
67,0.9999999999999181,2.830428157254808e-07,17.328679513998633
68,0.9999999999999205,2.78693540185742e-07,17.328679513998633
69,0.9999999999999228,2.7447031387738856e-07,17.328679513998633
70,0.9999999999999252,2.703676554109028e-07,17.328679513998633
71,0.9999999999999273,2.6638039660395915e-07,17.328679513998633
72,0.9999999999999293,2.625036604245518e-07,17.328679513998633
73,0.9999999999999313,2.5873284077219385e-07,17.328679513998633
74,0.9999999999999332,2.5506358392093645e-07,17.328679513998633
75,0.9999999999999349,2.51491771467006e-07,17.328679513998633
76,0.9999999999999367,2.4801350464063157e-07,17.328679513998633
77,0.9999999999999384,2.446250898564104e-07,17.328679513998633
78,0.9999999999999399,2.4132302538961965e-07,17.328679513998633
79,0.9999999999999415,2.381039890774262e-07,17.328679513998633
80,0.999999999999943,2.3496482695418152e-07,17.328679513998633
81,0.9999999999999445,2.3190254273906898e-07,17.328679513998633
82,0.9999999999999458,2.2891428810244378e-07,17.328679513998633
83,0.9999999999999472,2.2599735364439113e-07,17.328679513998633
84,0.9999999999999484,2.2314916052543675e-07,17.328679513998633
85,0.9999999999999497,2.2036725269506326e-07,17.328679513998633
86,0.9999999999999508,2.176492896688014e-07,17.328679513998633
87,0.999999999999952,2.1499303980924496e-07,17.328679513998633
88,0.9999999999999531,2.123963740704434e-07,17.328679513998633
89,0.9999999999999541,2.0985726016881275e-07,17.328679513998633
90,0.9999999999999553,2.073737571470187e-07,17.328679513998633
91,0.9999999999999563,2.049440103002667e-07,17.328679513998633
92,0.9999999999999571,2.0256624643712242e-07,17.328679513998633
93,0.9999999999999581,2.0023876944940845e-07,17.328679513998633
94,0.999999999999959,1.9795995616791386e-07,17.328679513998633
95,0.9999999999999599,1.9572825248263263e-07,17.328679513998633
96,0.9999999999999608,1.9354216970803919e-07,17.328679513998633
97,0.9999999999999616,1.914002811755339e-07,17.328679513998633
98,0.9999999999999624,1.8930121903666468e-07,17.328679513998633
99,0.9999999999999631,1.872436712620696e-07,17.328679513998633
100,0.9999999999999639,1.8522637882230116e-07,17.328679513998633
101,0.9999999999999647,1.832481330378008e-07,17.328679513998633
102,0.9999999999999654,1.813077730863005e-07,17.328679513998633
103,0.999999999999966,1.7940418365684706e-07,17.328679513998633
104,0.9999999999999667,1.7753629274048534e-07,17.328679513998633
105,0.9999999999999674,1.757030695484012e-07,17.328679513998633
106,0.999999999999968,1.7390352254902778e-07,17.328679513998633
107,0.9999999999999686,1.7213669761625836e-07,17.328679513998633
108,0.9999999999999691,1.7040167628149754e-07,17.328679513998633
109,0.9999999999999698,1.686975740828202e-07,17.328679513998633
110,0.9999999999999704,1.6702353900500233e-07,17.328679513998633
111,0.9999999999999709,1.6537875000464048e-07,17.328679513998633
112,0.9999999999999714,1.6376241561499442e-07,17.328679513998633
113,0.9999999999999719,1.6217377262556967e-07,17.328679513998633
114,0.9999999999999725,1.6061208483181078e-07,17.328679513998633
115,0.9999999999999729,1.5907664185059965e-07,17.328679513998633
116,0.9999999999999734,1.5756675799755344e-07,17.328679513998633
117,0.9999999999999739,1.5608177122239342e-07,17.328679513998633
118,0.9999999999999744,1.5462104209890943e-07,17.328679513998633
119,0.9999999999999748,1.5318395286628213e-07,17.328679513998633
120,0.9999999999999752,1.517699065187414e-07,17.328679513998633
121,0.9999999999999756,1.503783259407416e-07,17.328679513998633
122,0.999999999999976,1.4900865308502026e-07,17.328679513998633
123,0.9999999999999765,1.4766034819108005e-07,17.328679513998633
124,0.9999999999999768,1.4633288904179275e-07,17.328679513998633
125,0.9999999999999772,1.4502577025597423e-07,17.328679513998633
126,0.9999999999999776,1.4373850261491514e-07,17.328679513998633
127,0.9999999999999779,1.4247061242098136e-07,17.328679513998633
128,0.9999999999999782,1.4122164088651647e-07,17.328679513998633
129,0.9999999999999786,1.3999114355138914e-07,17.328679513998633
130,0.999999999999979,1.3877868972763077e-07,17.328679513998633
131,0.9999999999999793,1.3758386196970534e-07,17.328679513998633
132,0.9999999999999796,1.3640625556904095e-07,17.328679513998633
133,0.9999999999999799,1.352454780715372e-07,17.328679513998633
134,0.9999999999999802,1.3410114881683866e-07,17.328679513998633
135,0.9999999999999806,1.3297289849823755e-07,17.328679513998633
136,0.9999999999999808,1.3186036874213618e-07,17.328679513998633
137,0.9999999999999811,1.3076321170606193e-07,17.328679513998633
138,0.9999999999999815,1.2968108969428727e-07,17.328679513998633
139,0.9999999999999817,1.2861367479016162e-07,17.328679513998633
140,0.9999999999999819,1.2756064850431337e-07,17.328679513998633
141,0.9999999999999822,1.265217014379287e-07,17.328679513998633
142,0.9999999999999825,1.254965329603587e-07,17.328679513998633
143,0.9999999999999827,1.2448485090034814e-07,17.328679513998633
144,0.999999999999983,1.2348637125021988e-07,17.328679513998633
145,0.9999999999999832,1.2250081788238394e-07,17.328679513998633
146,0.9999999999999835,1.2152792227757752e-07,17.328679513998633
147,0.9999999999999837,1.2056742326427256e-07,17.328679513998633
148,0.9999999999999839,1.1961906676871939e-07,17.328679513998633
149,0.9999999999999841,1.1868260557512382e-07,17.328679513998633
150,0.9999999999999843,1.1775779909548066e-07,17.328679513998633
151,0.9999999999999846,1.1684441314861403e-07,17.328679513998633
152,0.9999999999999848,1.1594221974799699e-07,17.328679513998633
153,0.999999999999985,1.1505099689794637e-07,17.328679513998633
154,0.9999999999999852,1.141705283978098e-07,17.328679513998633
155,0.9999999999999853,1.1330060365378141e-07,17.328679513998633
156,0.9999999999999856,1.1244101749800168e-07,17.328679513998633
157,0.9999999999999858,1.1159157001461485e-07,17.328679513998633
158,0.999999999999986,1.1075206637247334e-07,17.328679513998633
159,0.9999999999999861,1.0992231666419495e-07,17.328679513998633
160,0.9999999999999863,1.0910213575129302e-07,17.328679513998633
161,0.9999999999999865,1.0829134311511386e-07,17.328679513998633
162,0.9999999999999867,1.0748976271332904e-07,17.328679513998633
163,0.9999999999999868,1.0669722284174244e-07,17.328679513998633
164,0.999999999999987,1.0591355600118384e-07,17.328679513998633
165,0.9999999999999871,1.0513859876927193e-07,17.328679513998633
166,0.9999999999999873,1.0437219167684017e-07,17.328679513998633
167,0.9999999999999875,1.0361417908882884e-07,17.328679513998633
168,0.9999999999999877,1.0286440908945618e-07,17.328679513998633
169,0.9999999999999878,1.0212273337149011e-07,17.328679513998633
170,0.9999999999999879,1.0138900712945095e-07,17.328679513998633
171,0.9999999999999881,1.0066308895658303e-07,17.328679513998633
172,0.9999999999999882,9.994484074544103e-08,17.328679513998633
173,0.9999999999999883,9.923412759194397e-08,17.328679513998633
174,0.9999999999999886,9.853081770275644e-08,17.328679513998633
175,0.9999999999999887,9.783478230586325e-08,17.328679513998633
176,0.9999999999999888,9.714589556420978e-08,17.328679513998633
177,0.9999999999999889,9.64640344922861e-08,17.328679513998633
178,0.999999999999989,9.578907887553842e-08,17.328679513998633
179,0.9999999999999892,9.512091119249666e-08,17.328679513998633
180,0.9999999999999893,9.445941653951194e-08,17.328679513998633
181,0.9999999999999895,9.380448255800257e-08,17.328679513998633
182,0.9999999999999896,9.315599936411131e-08,17.328679513998633
183,0.9999999999999897,9.251385948068143e-08,17.328679513998633
184,0.9999999999999898,9.187795777146265e-08,17.328679513998633
185,0.9999999999999899,9.124819137746226e-08,17.328679513998633
186,0.99999999999999,9.062445965536017e-08,17.328679513998633
187,0.9999999999999901,9.000666411791021e-08,17.328679513998633
188,0.9999999999999902,8.939470837625346e-08,17.328679513998633
189,0.9999999999999903,8.87884980840722e-08,17.328679513998633
190,0.9999999999999905,8.818794088351649e-08,17.328679513998633
191,0.9999999999999906,8.759294635283791e-08,17.328679513998633
192,0.9999999999999907,8.700342595566819e-08,17.328679513998633
193,0.9999999999999908,8.641929299188219e-08,17.328679513998633
194,0.9999999999999909,8.584046254998854e-08,17.328679513998633
195,0.999999999999991,8.526685146099204e-08,17.328679513998633
196,0.999999999999991,8.469837825367554e-08,17.328679513998633
197,0.9999999999999911,8.413496311125042e-08,17.328679513998633
198,0.9999999999999912,8.357652782932683e-08,17.328679513998633
199,0.9999999999999913,8.302299577515743e-08,17.328679513998633
200,0.9999999999999915,8.247429184810951e-08,17.328679513998633
201,0.9999999999999916,8.193034244132262e-08,17.328679513998633
202,0.9999999999999916,8.139107540451044e-08,17.328679513998633
203,0.9999999999999917,8.085642000786717e-08,17.328679513998633
204,0.9999999999999918,8.032630690704035e-08,17.328679513998633
205,0.9999999999999919,7.980066810913363e-08,17.328679513998633
206,0.9999999999999919,7.927943693970419e-08,17.328679513998633
207,0.999999999999992,7.876254801072097e-08,17.328679513998633
208,0.9999999999999921,7.824993718945146e-08,17.328679513998633
209,0.9999999999999922,7.774154156824555e-08,17.328679513998633
210,0.9999999999999922,7.723729943518642e-08,17.328679513998633
211,0.9999999999999923,7.673715024557973e-08,17.328679513998633
212,0.9999999999999925,7.624103459425312e-08,17.328679513998633
213,0.9999999999999925,7.574889418863938e-08,17.328679513998633
214,0.9999999999999926,7.526067182261746e-08,17.328679513998633
215,0.9999999999999927,7.477631135108649e-08,17.328679513998633
216,0.9999999999999927,7.429575766524915e-08,17.328679513998633
217,0.9999999999999928,7.381895666858114e-08,17.328679513998633
218,0.9999999999999929,7.334585525346471e-08,17.328679513998633
219,0.9999999999999929,7.287640127846505e-08,17.328679513998633
220,0.999999999999993,7.241054354622879e-08,17.328679513998633
221,0.999999999999993,7.194823178198494e-08,17.328679513998633
222,0.9999999999999931,7.148941661262913e-08,17.328679513998633
223,0.9999999999999932,7.103404954637274e-08,17.328679513998633
224,0.9999999999999932,7.058208295293939e-08,17.328679513998633
225,0.9999999999999933,7.013347004429124e-08,17.328679513998633
226,0.9999999999999933,6.968816485586908e-08,17.328679513998633
227,0.9999999999999934,6.924612222833007e-08,17.328679513998633
228,0.9999999999999934,6.88072977897677e-08,17.328679513998633
229,0.9999999999999936,6.837164793839944e-08,17.328679513998633
230,0.9999999999999936,6.793912982570747e-08,17.328679513998633
231,0.9999999999999937,6.750970134001885e-08,17.328679513998633
232,0.9999999999999937,6.708332109051191e-08,17.328679513998633
233,0.9999999999999938,6.665994839163574e-08,17.328679513998633
234,0.9999999999999938,6.623954324793063e-08,17.328679513998633
235,0.9999999999999939,6.582206633923726e-08,17.328679513998633
236,0.9999999999999939,6.540747900628316e-08,17.328679513998633
237,0.999999999999994,6.499574323663529e-08,17.328679513998633
238,0.999999999999994,6.458682165100773e-08,17.328679513998633
239,0.9999999999999941,6.41806774899143e-08,17.328679513998633
240,0.9999999999999941,6.377727460065582e-08,17.328679513998633
241,0.9999999999999942,6.337657742463217e-08,17.328679513998633
242,0.9999999999999942,6.297855098497009e-08,17.328679513998633
243,0.9999999999999943,6.258316087445701e-08,17.328679513998633
244,0.9999999999999943,6.219037324377275e-08,17.328679513998633
245,0.9999999999999944,6.180015479000992e-08,17.328679513998633
246,0.9999999999999944,6.141247274547515e-08,17.328679513998633
247,0.9999999999999944,6.102729486676313e-08,17.328679513998633
248,0.9999999999999946,6.064458942409549e-08,17.328679513998633
249,0.9999999999999946,6.026432519091738e-08,17.328679513998633
250,0.9999999999999947,5.988647143374414e-08,17.328679513998633
251,0.9999999999999947,5.951099790225139e-08,17.328679513998633
252,0.9999999999999947,5.913787481960145e-08,17.328679513998633
253,0.9999999999999948,5.876707287299982e-08,17.328679513998633
254,0.9999999999999948,5.839856320447505e-08,17.328679513998633
255,0.9999999999999949,5.803231740187609e-08,17.328679513998633
256,0.9999999999999949,5.766830749008097e-08,17.328679513998633
257,0.9999999999999949,5.7306505922411127e-08,17.328679513998633
258,0.999999999999995,5.694688557224579e-08,17.328679513998633
259,0.999999999999995,5.658941972483084e-08,17.328679513998633
260,0.9999999999999951,5.62340820692771e-08,17.328679513998633
261,0.9999999999999951,5.5880846690742795e-08,17.328679513998633
262,0.9999999999999951,5.552968806279525e-08,17.328679513998633
263,0.9999999999999952,5.518058103994717e-08,17.328679513998633
264,0.9999999999999952,5.483350085036263e-08,17.328679513998633
265,0.9999999999999952,5.44884230887285e-08,17.328679513998633
266,0.9999999999999953,5.414532370928674e-08,17.328679513998633
267,0.9999999999999953,5.380417901902347e-08,17.328679513998633
268,0.9999999999999953,5.346496567101061e-08,17.328679513998633
269,0.9999999999999954,5.3127660657896123e-08,17.328679513998633
270,0.9999999999999954,5.279224130553904e-08,17.328679513998633
271,0.9999999999999954,5.245868526678543e-08,17.328679513998633
272,0.9999999999999956,5.212697051538172e-08,17.328679513998633
273,0.9999999999999956,5.1797075340021813e-08,17.328679513998633
274,0.9999999999999956,5.146897833852458e-08,17.328679513998633
275,0.9999999999999956,5.114265841213838e-08,17.328679513998633
276,0.9999999999999957,5.0818094759969325e-08,17.328679513998633
277,0.9999999999999957,5.049526687353029e-08,17.328679513998633
278,0.9999999999999957,5.017415453140741e-08,17.328679513998633
279,0.9999999999999958,4.985473779404128e-08,17.328679513998633
280,0.9999999999999958,4.953699699861987e-08,17.328679513998633
281,0.9999999999999958,4.922091275408039e-08,17.328679513998633
282,0.9999999999999958,4.890646593621741e-08,17.328679513998633
283,0.9999999999999959,4.859363768289455e-08,17.328679513998633
284,0.9999999999999959,4.828240938935716e-08,17.328679513998633
285,0.9999999999999959,4.797276270364361e-08,17.328679513998633
286,0.999999999999996,4.7664679522092623e-08,17.328679513998633
287,0.999999999999996,4.735814198494436e-08,17.328679513998633
288,0.999999999999996,4.705313247203295e-08,17.328679513998633
289,0.999999999999996,4.6749633598568317e-08,17.328679513998633
290,0.9999999999999961,4.644762821100495e-08,17.328679513998633
291,0.9999999999999961,4.614709938299576e-08,17.328679513998633
292,0.9999999999999961,4.584803041142872e-08,17.328679513998633
293,0.9999999999999961,4.555040481254452e-08,17.328679513998633
294,0.9999999999999962,4.525420631813313e-08,17.328679513998633
295,0.9999999999999962,4.495941887180746e-08,17.328679513998633
296,0.9999999999999962,4.466602662535235e-08,17.328679513998633
297,0.9999999999999962,4.4374013935146905e-08,17.328679513998633
298,0.9999999999999962,4.408336535865868e-08,17.328679513998633
299,0.9999999999999963,4.3794065651007844e-08,17.328679513998633
300,0.9999999999999963,4.350609976159977e-08,17.328679513998633
301,0.9999999999999963,4.3219452830824386e-08,17.328679513998633
302,0.9999999999999963,4.293411018682083e-08,17.328679513998633
303,0.9999999999999964,4.2650057342305744e-08,17.328679513998633
304,0.9999999999999964,4.23672799914639e-08,17.328679513998633
305,0.9999999999999964,4.208576400689955e-08,17.328679513998633
306,0.9999999999999964,4.180549543664723e-08,17.328679513998633
307,0.9999999999999964,4.1526460501240586e-08,17.328679513998633
308,0.9999999999999966,4.1248645590837916e-08,17.328679513998633
309,0.9999999999999966,4.097203726240311e-08,17.328679513998633
310,0.9999999999999966,4.069662223694079e-08,17.328679513998633
311,0.9999999999999966,4.0422387396784276e-08,17.328679513998633
312,0.9999999999999966,4.014931978293545e-08,17.328679513998633
313,0.9999999999999967,3.987740659245499e-08,17.328679513998633
314,0.9999999999999967,3.960663517590217e-08,17.328679513998633
315,0.9999999999999967,3.933699303482291e-08,17.328679513998633
316,0.9999999999999967,3.906846781928509e-08,17.328679513998633
317,0.9999999999999967,3.880104732546003e-08,17.328679513998633
318,0.9999999999999968,3.853471949324916e-08,17.328679513998633
319,0.9999999999999968,3.826947240395481e-08,17.328679513998633
320,0.9999999999999968,3.800529427799421e-08,17.328679513998633
321,0.9999999999999968,3.774217347265574e-08,17.328679513998633
322,0.9999999999999968,3.748009847989641e-08,17.328679513998633
323,0.9999999999999969,3.721905792417985e-08,17.328679513998633
324,0.9999999999999969,3.6959040560353726e-08,17.328679513998633
325,0.9999999999999969,3.670003527156586e-08,17.328679513998633
326,0.9999999999999969,3.644203106721819e-08,17.328679513998633
327,0.9999999999999969,3.618501708095763e-08,17.328679513998633
328,0.9999999999999969,3.592898256870328e-08,17.328679513998633
329,0.999999999999997,3.567391690670896e-08,17.328679513998633
330,0.999999999999997,3.541980958966039e-08,17.328679513998633
331,0.999999999999997,3.5166650228806384e-08,17.328679513998633
332,0.999999999999997,3.4914428550123145e-08,17.328679513998633
333,0.999999999999997,3.466313439251112e-08,17.328679513998633
334,0.999999999999997,3.441275770602357e-08,17.328679513998633
335,0.999999999999997,3.4163288550126405e-08,17.328679513998633
336,0.9999999999999971,3.391471709198829e-08,17.328679513998633
337,0.9999999999999971,3.366703360480078e-08,17.328679513998633
338,0.9999999999999971,3.34202284661275e-08,17.328679513998633
339,0.9999999999999971,3.3174292156281996e-08,17.328679513998633
340,0.9999999999999971,3.2929215256733545e-08,17.328679513998633
341,0.9999999999999971,3.2684988448540375e-08,17.328679513998633
342,0.9999999999999972,3.244160251080971e-08,17.328679513998633
343,0.9999999999999972,3.219904831918412e-08,17.328679513998633
344,0.9999999999999972,3.195731684435357e-08,17.328679513998633
345,0.9999999999999972,3.17163991505927e-08,17.328679513998633
346,0.9999999999999972,3.147628639432277e-08,17.328679513998633
347,0.9999999999999972,3.12369698226978e-08,17.328679513998633
348,0.9999999999999972,3.0998440772214354e-08,17.328679513998633
349,0.9999999999999972,3.076069066734456e-08,17.328679513998633
350,0.9999999999999973,3.0523711019191854e-08,17.328679513998633
351,0.9999999999999973,3.028749342416891e-08,17.328679513998633
352,0.9999999999999973,3.005202956269749e-08,17.328679513998633
353,0.9999999999999973,2.981731119792957e-08,17.328679513998633
354,0.9999999999999973,2.9583330174489436e-08,17.328679513998633
355,0.9999999999999973,2.9350078417236287e-08,17.328679513998633
356,0.9999999999999973,2.911754793004693e-08,17.328679513998633
357,0.9999999999999973,2.888573079461817e-08,17.328679513998633
358,0.9999999999999974,2.8654619169288503e-08,17.328679513998633
359,0.9999999999999974,2.842420528787871e-08,17.328679513998633
360,0.9999999999999974,2.8194481458551006e-08,17.328679513998633
361,0.9999999999999974,2.7965440062686318e-08,17.328679513998633
362,0.9999999999999974,2.773707355377941e-08,17.328679513998633
363,0.9999999999999974,2.7509374456351423e-08,17.328679513998633
364,0.9999999999999974,2.7282335364879536e-08,17.328679513998633
365,0.9999999999999974,2.7055948942743386e-08,17.328679513998633
366,0.9999999999999976,2.683020792118793e-08,17.328679513998633
367,0.9999999999999976,2.6605105098302408e-08,17.328679513998633
368,0.9999999999999976,2.6380633338015097e-08,17.328679513998633
369,0.9999999999999976,2.6156785569103565e-08,17.328679513998633
370,0.9999999999999976,2.5933554784220093e-08,17.328679513998633
371,0.9999999999999976,2.5710934038931963e-08,17.328679513998633
372,0.9999999999999976,2.5488916450776383e-08,17.328679513998633
373,0.9999999999999976,2.526749519832966e-08,17.328679513998633
374,0.9999999999999976,2.5046663520290445e-08,17.328679513998633
375,0.9999999999999976,2.4826414714576717e-08,17.328679513998633
376,0.9999999999999977,2.460674213743625e-08,17.328679513998633
377,0.9999999999999977,2.438763920257032e-08,17.328679513998633
378,0.9999999999999977,2.416909938027034e-08,17.328679513998633
379,0.9999999999999977,2.3951116196567288e-08,17.328679513998633
380,0.9999999999999977,2.3733683232393532e-08,17.328679513998633
381,0.9999999999999977,2.351679412275692e-08,17.328679513998633
382,0.9999999999999977,2.330044255592688e-08,17.328679513998633
383,0.9999999999999977,2.3084622272632238e-08,17.328679513998633
384,0.9999999999999977,2.2869327065270625e-08,17.328679513998633
385,0.9999999999999977,2.2654550777129167e-08,17.328679513998633
386,0.9999999999999977,2.244028730161628e-08,17.328679513998633
387,0.9999999999999978,2.2226530581504358e-08,17.328679513998633
388,0.9999999999999978,2.201327460818313e-08,17.328679513998633
389,0.9999999999999978,2.180051342092349e-08,17.328679513998633
390,0.9999999999999978,2.1588241106151587e-08,17.328679513998633
391,0.9999999999999978,2.137645179673302e-08,17.328679513998633
392,0.9999999999999978,2.1165139671266887e-08,17.328679513998633
393,0.9999999999999978,2.0954298953389517e-08,17.328679513998633
394,0.9999999999999978,2.0743923911087755e-08,17.328679513998633
395,0.9999999999999978,2.0534008856021518e-08,17.328679513998633
396,0.9999999999999978,2.0324548142855538e-08,17.328679513998633
397,0.9999999999999978,2.0115536168600046e-08,17.328679513998633
398,0.9999999999999978,1.9906967371960295e-08,17.328679513998633
399,0.9999999999999979,1.969883623269467e-08,17.328679513998633
400,0.9999999999999979,1.949113727098129e-08,17.328679513998633
401,0.9999999999999979,1.9283865046792938e-08,17.328679513998633
402,0.9999999999999979,1.9077014159280076e-08,17.328679513998633
403,0.9999999999999979,1.887057924616191e-08,17.328679513998633
404,0.9999999999999979,1.8664554983125263e-08,17.328679513998633
405,0.9999999999999979,1.8458936083231144e-08,17.328679513998633
406,0.9999999999999979,1.825371729632885e-08,17.328679513998633
407,0.9999999999999979,1.8048893408477474e-08,17.328679513998633
408,0.9999999999999979,1.7844459241374663e-08,17.328679513998633
409,0.9999999999999979,1.764040965179247e-08,17.328679513998633
410,0.9999999999999979,1.743673953102023e-08,17.328679513998633
411,0.9999999999999979,1.7233443804314222e-08,17.328679513998633
412,0.9999999999999979,1.703051743035408e-08,17.328679513998633
413,0.9999999999999979,1.6827955400705786e-08,17.328679513998633
414,0.999999999999998,1.6625752739291077e-08,17.328679513998633
415,0.999999999999998,1.6423904501863234e-08,17.328679513998633
416,0.999999999999998,1.6222405775489035e-08,17.328679513998633
417,0.999999999999998,1.6021251678036814e-08,17.328679513998633
418,0.999999999999998,1.582043735767047e-08,17.328679513998633
419,0.999999999999998,1.561995799234936e-08,17.328679513998633
420,0.999999999999998,1.5419808789333867e-08,17.328679513998633
421,0.999999999999998,1.521998498469665e-08,17.328679513998633
422,0.999999999999998,1.5020481842839376e-08,17.328679513998633
423,0.999999999999998,1.4821294656014837e-08,17.328679513998633
424,0.999999999999998,1.4622418743854416e-08,17.328679513998633
425,0.999999999999998,1.4423849452900682e-08,17.328679513998633
426,0.999999999999998,1.4225582156145113e-08,17.328679513998633
427,0.999999999999998,1.402761225257078e-08,17.328679513998633
428,0.999999999999998,1.3829935166699925e-08,17.328679513998633
429,0.999999999999998,1.3632546348146327e-08,17.328679513998633
430,0.999999999999998,1.3435441271172348e-08,17.328679513998633
431,0.999999999999998,1.323861543425057e-08,17.328679513998633
432,0.999999999999998,1.3042064359629944e-08,17.328679513998633
433,0.9999999999999981,1.2845783592906326e-08,17.328679513998633
434,0.9999999999999981,1.2649768702597349e-08,17.328679513998633
435,0.9999999999999981,1.2454015279721495e-08,17.328679513998633
436,0.9999999999999981,1.2258518937381334e-08,17.328679513998633
437,0.9999999999999981,1.2063275310350776e-08,17.328679513998633
438,0.9999999999999981,1.1868280054666326e-08,17.328679513998633
439,0.9999999999999981,1.1673528847222182e-08,17.328679513998633
440,0.9999999999999981,1.1479017385369159e-08,17.328679513998633
441,0.9999999999999981,1.1284741386517305e-08,17.328679513998633
442,0.9999999999999981,1.1090696587742165e-08,17.328679513998633
443,0.9999999999999981,1.0896878745394586e-08,17.328679513998633
444,0.9999999999999981,1.0703283634714009e-08,17.328679513998633
445,0.9999999999999981,1.0509907049445153e-08,17.328679513998633
446,0.9999999999999981,1.0316744801458015e-08,17.328679513998633
447,0.9999999999999981,1.0123792720371124e-08,17.328679513998633
448,0.9999999999999981,9.931046653177962e-09,17.328679513998633
449,0.9999999999999981,9.73850246387648e-09,17.328679513998633
450,0.9999999999999981,9.546156033101652e-09,17.328679513998633
451,0.9999999999999981,9.35400325776096e-09,17.328679513998633
452,0.9999999999999981,9.162040050672786e-09,17.328679513998633
453,0.9999999999999981,8.970262340207605e-09,17.328679513998633
454,0.9999999999999981,8.778666069931923e-09,17.328679513998633
455,0.9999999999999981,8.587247198254902e-09,17.328679513998633
456,0.9999999999999981,8.396001698077576e-09,17.328679513998633
457,0.9999999999999981,8.204925556444625e-09,17.328679513998633
458,0.9999999999999981,8.01401477419863e-09,17.328679513998633
459,0.9999999999999981,7.823265365636724e-09,17.328679513998633
460,0.9999999999999981,7.632673358169604e-09,17.328679513998633
461,0.9999999999999982,7.442234791982832e-09,17.328679513998633
462,0.9999999999999982,7.251945719700343e-09,17.328679513998633
463,0.9999999999999982,7.061802206050132e-09,17.328679513998633
464,0.9999999999999982,6.871800327532024e-09,17.328679513998633
465,0.9999999999999982,6.681936172087495e-09,17.328679513998633
466,0.9999999999999982,6.492205838771463e-09,17.328679513998633
467,0.9999999999999982,6.302605437426001e-09,17.328679513998633
468,0.9999999999999982,6.113131088355913e-09,17.328679513998633
469,0.9999999999999982,5.923778922006102e-09,17.328679513998633
470,0.9999999999999982,5.734545078640693e-09,17.328679513998633
471,0.9999999999999982,5.5454257080238325e-09,17.328679513998633
472,0.9999999999999982,5.356416969102122e-09,17.328679513998633
473,0.9999999999999982,5.167515029688626e-09,17.328679513998633
474,0.9999999999999982,4.9787160661483894e-09,17.328679513998633
475,0.9999999999999982,4.7900162630854245e-09,17.328679513998633
476,0.9999999999999982,4.6014118130311e-09,17.328679513998633
477,0.9999999999999982,4.412898916133879e-09,17.328679513998633
478,0.9999999999999982,4.224473779850365e-09,17.328679513998633
479,0.9999999999999982,4.036132618637578e-09,17.328679513998633
480,0.9999999999999982,3.847871653646429e-09,17.328679513998633
481,0.9999999999999982,3.6596871124163298e-09,17.328679513998633
482,0.9999999999999982,3.4715752285708844e-09,17.328679513998633
483,0.9999999999999982,3.2835322415146163e-09,17.328679513998633
484,0.9999999999999982,3.0955543961306715e-09,17.328679513998633
485,0.9999999999999982,2.9076379424794503e-09,17.328679513998633
486,0.9999999999999982,2.7197791354981148e-09,17.328679513998633
487,0.9999999999999982,2.5319742347009207e-09,17.328679513998633
488,0.9999999999999982,2.344219503880323e-09,17.328679513998633
489,0.9999999999999982,2.156511210808802e-09,17.328679513998633
490,0.9999999999999982,1.9688456269413645e-09,17.328679513998633
491,0.9999999999999982,1.781219027118662e-09,17.328679513998633
492,0.9999999999999982,1.593627689270682e-09,17.328679513998633
493,0.9999999999999982,1.4060678941209607e-09,17.328679513998633
494,0.9999999999999982,1.218535924891263e-09,17.328679513998633
495,0.9999999999999982,1.0310280670066863e-09,17.328679513998633
496,0.9999999999999982,8.435406078011338e-10,17.328679513998633
497,0.9999999999999982,6.560698362231083e-10,17.328679513998633
498,0.9999999999999982,4.686120425417793e-10,17.328679513998633
499,0.9999999999999982,2.8116351805327107e-10,17.328679513998633
500,0.9999999999999982,9.372055478712345e-11,17.328679513998633
501,0.9999999999999982,-9.372055478712346e-11,17.328679513998633
502,0.9999999999999982,-2.8116351805327107e-10,17.328679513998633
503,0.9999999999999982,-4.686120425417793e-10,17.328679513998633
504,0.9999999999999982,-6.560698362231083e-10,17.328679513998633
505,0.9999999999999982,-8.435406078011338e-10,17.328679513998633
506,0.9999999999999982,-1.0310280670066863e-09,17.328679513998633
507,0.9999999999999982,-1.218535924891263e-09,17.328679513998633
508,0.9999999999999982,-1.4060678941209607e-09,17.328679513998633
509,0.9999999999999982,-1.593627689270682e-09,17.328679513998633
510,0.9999999999999982,-1.781219027118662e-09,17.328679513998633
511,0.9999999999999982,-1.9688456269413645e-09,17.328679513998633
512,0.9999999999999982,-2.156511210808802e-09,17.328679513998633
513,0.9999999999999982,-2.344219503880323e-09,17.328679513998633
514,0.9999999999999982,-2.5319742347009207e-09,17.328679513998633
515,0.9999999999999982,-2.7197791354981148e-09,17.328679513998633
516,0.9999999999999982,-2.9076379424794503e-09,17.328679513998633
517,0.9999999999999982,-3.0955543961306715e-09,17.328679513998633
518,0.9999999999999982,-3.2835322415146163e-09,17.328679513998633
519,0.9999999999999982,-3.4715752285708844e-09,17.328679513998633
520,0.9999999999999982,-3.6596871124163298e-09,17.328679513998633
521,0.9999999999999982,-3.847871653646429e-09,17.328679513998633
522,0.9999999999999982,-4.036132618637578e-09,17.328679513998633
523,0.9999999999999982,-4.224473779850365e-09,17.328679513998633
524,0.9999999999999982,-4.412898916133879e-09,17.328679513998633
525,0.9999999999999982,-4.6014118130311e-09,17.328679513998633
526,0.9999999999999982,-4.7900162630854245e-09,17.328679513998633
527,0.9999999999999982,-4.9787160661483894e-09,17.328679513998633
528,0.9999999999999982,-5.167515029688626e-09,17.328679513998633
529,0.9999999999999982,-5.356416969102122e-09,17.328679513998633
530,0.9999999999999982,-5.5454257080238325e-09,17.328679513998633
531,0.9999999999999982,-5.734545078640693e-09,17.328679513998633
532,0.9999999999999982,-5.923778922006102e-09,17.328679513998633
533,0.9999999999999982,-6.113131088355913e-09,17.328679513998633
534,0.9999999999999982,-6.302605437426001e-09,17.328679513998633
535,0.9999999999999982,-6.492205838771463e-09,17.328679513998633
536,0.9999999999999982,-6.681936172087495e-09,17.328679513998633
537,0.9999999999999982,-6.871800327532024e-09,17.328679513998633
538,0.9999999999999982,-7.061802206050132e-09,17.328679513998633
539,0.9999999999999982,-7.251945719700343e-09,17.328679513998633
540,0.9999999999999982,-7.442234791982832e-09,17.328679513998633
541,0.9999999999999981,-7.632673358169604e-09,17.328679513998633
542,0.9999999999999981,-7.823265365636724e-09,17.328679513998633
543,0.9999999999999981,-8.01401477419863e-09,17.328679513998633
544,0.9999999999999981,-8.204925556444625e-09,17.328679513998633
545,0.9999999999999981,-8.396001698077576e-09,17.328679513998633
546,0.9999999999999981,-8.587247198254902e-09,17.328679513998633
547,0.9999999999999981,-8.778666069931923e-09,17.328679513998633
548,0.9999999999999981,-8.970262340207605e-09,17.328679513998633
549,0.9999999999999981,-9.162040050672786e-09,17.328679513998633
550,0.9999999999999981,-9.35400325776096e-09,17.328679513998633
551,0.9999999999999981,-9.546156033101652e-09,17.328679513998633
552,0.9999999999999981,-9.73850246387648e-09,17.328679513998633
553,0.9999999999999981,-9.931046653177962e-09,17.328679513998633
554,0.9999999999999981,-1.0123792720371124e-08,17.328679513998633
555,0.9999999999999981,-1.0316744801458015e-08,17.328679513998633
556,0.9999999999999981,-1.0509907049445153e-08,17.328679513998633
557,0.9999999999999981,-1.0703283634714009e-08,17.328679513998633
558,0.9999999999999981,-1.0896878745394586e-08,17.328679513998633
559,0.9999999999999981,-1.1090696587742165e-08,17.328679513998633
560,0.9999999999999981,-1.1284741386517305e-08,17.328679513998633
561,0.9999999999999981,-1.1479017385369159e-08,17.328679513998633
562,0.9999999999999981,-1.1673528847222182e-08,17.328679513998633
563,0.9999999999999981,-1.1868280054666326e-08,17.328679513998633
564,0.9999999999999981,-1.2063275310350776e-08,17.328679513998633
565,0.9999999999999981,-1.2258518937381334e-08,17.328679513998633
566,0.9999999999999981,-1.2454015279721495e-08,17.328679513998633
567,0.9999999999999981,-1.2649768702597349e-08,17.328679513998633
568,0.9999999999999981,-1.2845783592906326e-08,17.328679513998633
569,0.999999999999998,-1.3042064359629944e-08,17.328679513998633
570,0.999999999999998,-1.323861543425057e-08,17.328679513998633
571,0.999999999999998,-1.3435441271172348e-08,17.328679513998633
572,0.999999999999998,-1.3632546348146327e-08,17.328679513998633
573,0.999999999999998,-1.3829935166699925e-08,17.328679513998633
574,0.999999999999998,-1.402761225257078e-08,17.328679513998633
575,0.999999999999998,-1.4225582156145113e-08,17.328679513998633
576,0.999999999999998,-1.4423849452900682e-08,17.328679513998633
577,0.999999999999998,-1.4622418743854416e-08,17.328679513998633
578,0.999999999999998,-1.4821294656014837e-08,17.328679513998633
579,0.999999999999998,-1.5020481842839376e-08,17.328679513998633
580,0.999999999999998,-1.521998498469665e-08,17.328679513998633
581,0.999999999999998,-1.5419808789333867e-08,17.328679513998633
582,0.999999999999998,-1.561995799234936e-08,17.328679513998633
583,0.999999999999998,-1.582043735767047e-08,17.328679513998633
584,0.999999999999998,-1.6021251678036814e-08,17.328679513998633
585,0.999999999999998,-1.6222405775489035e-08,17.328679513998633
586,0.999999999999998,-1.6423904501863234e-08,17.328679513998633
587,0.999999999999998,-1.6625752739291077e-08,17.328679513998633
588,0.9999999999999979,-1.6827955400705786e-08,17.328679513998633
589,0.9999999999999979,-1.703051743035408e-08,17.328679513998633
590,0.9999999999999979,-1.7233443804314222e-08,17.328679513998633
591,0.9999999999999979,-1.743673953102023e-08,17.328679513998633
592,0.9999999999999979,-1.764040965179247e-08,17.328679513998633
593,0.9999999999999979,-1.7844459241374663e-08,17.328679513998633
594,0.9999999999999979,-1.8048893408477474e-08,17.328679513998633
595,0.9999999999999979,-1.825371729632885e-08,17.328679513998633
596,0.9999999999999979,-1.8458936083231144e-08,17.328679513998633
597,0.9999999999999979,-1.8664554983125263e-08,17.328679513998633
598,0.9999999999999979,-1.887057924616191e-08,17.328679513998633
599,0.9999999999999979,-1.9077014159280076e-08,17.328679513998633
600,0.9999999999999979,-1.9283865046792938e-08,17.328679513998633
601,0.9999999999999979,-1.949113727098129e-08,17.328679513998633
602,0.9999999999999979,-1.969883623269467e-08,17.328679513998633
603,0.9999999999999978,-1.9906967371960295e-08,17.328679513998633
604,0.9999999999999978,-2.0115536168600046e-08,17.328679513998633
605,0.9999999999999978,-2.0324548142855538e-08,17.328679513998633
606,0.9999999999999978,-2.0534008856021518e-08,17.328679513998633
607,0.9999999999999978,-2.0743923911087755e-08,17.328679513998633
608,0.9999999999999978,-2.0954298953389517e-08,17.328679513998633
609,0.9999999999999978,-2.1165139671266887e-08,17.328679513998633
610,0.9999999999999978,-2.137645179673302e-08,17.328679513998633
611,0.9999999999999978,-2.1588241106151587e-08,17.328679513998633
612,0.9999999999999978,-2.180051342092349e-08,17.328679513998633
613,0.9999999999999978,-2.201327460818313e-08,17.328679513998633
614,0.9999999999999978,-2.2226530581504358e-08,17.328679513998633
615,0.9999999999999977,-2.244028730161628e-08,17.328679513998633
616,0.9999999999999977,-2.2654550777129167e-08,17.328679513998633
617,0.9999999999999977,-2.2869327065270625e-08,17.328679513998633
618,0.9999999999999977,-2.3084622272632238e-08,17.328679513998633
619,0.9999999999999977,-2.330044255592688e-08,17.328679513998633
620,0.9999999999999977,-2.351679412275692e-08,17.328679513998633
621,0.9999999999999977,-2.3733683232393532e-08,17.328679513998633
622,0.9999999999999977,-2.3951116196567288e-08,17.328679513998633
623,0.9999999999999977,-2.416909938027034e-08,17.328679513998633
624,0.9999999999999977,-2.438763920257032e-08,17.328679513998633
625,0.9999999999999977,-2.460674213743625e-08,17.328679513998633
626,0.9999999999999976,-2.4826414714576717e-08,17.328679513998633
627,0.9999999999999976,-2.5046663520290445e-08,17.328679513998633
628,0.9999999999999976,-2.526749519832966e-08,17.328679513998633
629,0.9999999999999976,-2.5488916450776383e-08,17.328679513998633
630,0.9999999999999976,-2.5710934038931963e-08,17.328679513998633
631,0.9999999999999976,-2.5933554784220093e-08,17.328679513998633
632,0.9999999999999976,-2.6156785569103565e-08,17.328679513998633
633,0.9999999999999976,-2.6380633338015097e-08,17.328679513998633
634,0.9999999999999976,-2.6605105098302408e-08,17.328679513998633
635,0.9999999999999976,-2.683020792118793e-08,17.328679513998633
636,0.9999999999999974,-2.7055948942743386e-08,17.328679513998633
637,0.9999999999999974,-2.7282335364879536e-08,17.328679513998633
638,0.9999999999999974,-2.7509374456351423e-08,17.328679513998633
639,0.9999999999999974,-2.773707355377941e-08,17.328679513998633
640,0.9999999999999974,-2.7965440062686318e-08,17.328679513998633
641,0.9999999999999974,-2.8194481458551006e-08,17.328679513998633
642,0.9999999999999974,-2.842420528787871e-08,17.328679513998633
643,0.9999999999999974,-2.8654619169288503e-08,17.328679513998633
644,0.9999999999999973,-2.888573079461817e-08,17.328679513998633
645,0.9999999999999973,-2.911754793004693e-08,17.328679513998633
646,0.9999999999999973,-2.9350078417236287e-08,17.328679513998633
647,0.9999999999999973,-2.9583330174489436e-08,17.328679513998633
648,0.9999999999999973,-2.981731119792957e-08,17.328679513998633
649,0.9999999999999973,-3.005202956269749e-08,17.328679513998633
650,0.9999999999999973,-3.028749342416891e-08,17.328679513998633
651,0.9999999999999973,-3.0523711019191854e-08,17.328679513998633
652,0.9999999999999972,-3.076069066734456e-08,17.328679513998633
653,0.9999999999999972,-3.0998440772214354e-08,17.328679513998633
654,0.9999999999999972,-3.12369698226978e-08,17.328679513998633
655,0.9999999999999972,-3.147628639432277e-08,17.328679513998633
656,0.9999999999999972,-3.17163991505927e-08,17.328679513998633
657,0.9999999999999972,-3.195731684435357e-08,17.328679513998633
658,0.9999999999999972,-3.219904831918412e-08,17.328679513998633
659,0.9999999999999972,-3.244160251080971e-08,17.328679513998633
660,0.9999999999999971,-3.2684988448540375e-08,17.328679513998633
661,0.9999999999999971,-3.2929215256733545e-08,17.328679513998633
662,0.9999999999999971,-3.3174292156281996e-08,17.328679513998633
663,0.9999999999999971,-3.34202284661275e-08,17.328679513998633
664,0.9999999999999971,-3.366703360480078e-08,17.328679513998633
665,0.9999999999999971,-3.391471709198829e-08,17.328679513998633
666,0.999999999999997,-3.4163288550126405e-08,17.328679513998633
667,0.999999999999997,-3.441275770602357e-08,17.328679513998633
668,0.999999999999997,-3.466313439251112e-08,17.328679513998633
669,0.999999999999997,-3.4914428550123145e-08,17.328679513998633
670,0.999999999999997,-3.5166650228806384e-08,17.328679513998633
671,0.999999999999997,-3.541980958966039e-08,17.328679513998633
672,0.999999999999997,-3.567391690670896e-08,17.328679513998633
673,0.9999999999999969,-3.592898256870328e-08,17.328679513998633
674,0.9999999999999969,-3.618501708095763e-08,17.328679513998633
675,0.9999999999999969,-3.644203106721819e-08,17.328679513998633
676,0.9999999999999969,-3.670003527156586e-08,17.328679513998633
677,0.9999999999999969,-3.6959040560353726e-08,17.328679513998633
678,0.9999999999999969,-3.721905792417985e-08,17.328679513998633
679,0.9999999999999968,-3.748009847989641e-08,17.328679513998633
680,0.9999999999999968,-3.774217347265574e-08,17.328679513998633
681,0.9999999999999968,-3.800529427799421e-08,17.328679513998633
682,0.9999999999999968,-3.826947240395481e-08,17.328679513998633
683,0.9999999999999968,-3.853471949324916e-08,17.328679513998633
684,0.9999999999999967,-3.880104732546003e-08,17.328679513998633
685,0.9999999999999967,-3.906846781928509e-08,17.328679513998633
686,0.9999999999999967,-3.933699303482291e-08,17.328679513998633
687,0.9999999999999967,-3.960663517590217e-08,17.328679513998633
688,0.9999999999999967,-3.987740659245499e-08,17.328679513998633
689,0.9999999999999966,-4.014931978293545e-08,17.328679513998633
690,0.9999999999999966,-4.0422387396784276e-08,17.328679513998633
691,0.9999999999999966,-4.069662223694079e-08,17.328679513998633
692,0.9999999999999966,-4.097203726240311e-08,17.328679513998633
693,0.9999999999999966,-4.1248645590837916e-08,17.328679513998633
694,0.9999999999999964,-4.1526460501240586e-08,17.328679513998633
695,0.9999999999999964,-4.180549543664723e-08,17.328679513998633
696,0.9999999999999964,-4.208576400689955e-08,17.328679513998633
697,0.9999999999999964,-4.23672799914639e-08,17.328679513998633
698,0.9999999999999964,-4.2650057342305744e-08,17.328679513998633
699,0.9999999999999963,-4.293411018682083e-08,17.328679513998633
700,0.9999999999999963,-4.3219452830824386e-08,17.328679513998633
701,0.9999999999999963,-4.350609976159977e-08,17.328679513998633
702,0.9999999999999963,-4.3794065651007844e-08,17.328679513998633
703,0.9999999999999962,-4.408336535865868e-08,17.328679513998633
704,0.9999999999999962,-4.4374013935146905e-08,17.328679513998633
705,0.9999999999999962,-4.466602662535235e-08,17.328679513998633
706,0.9999999999999962,-4.495941887180746e-08,17.328679513998633
707,0.9999999999999962,-4.525420631813313e-08,17.328679513998633
708,0.9999999999999961,-4.555040481254452e-08,17.328679513998633
709,0.9999999999999961,-4.584803041142872e-08,17.328679513998633
710,0.9999999999999961,-4.614709938299576e-08,17.328679513998633
711,0.9999999999999961,-4.644762821100495e-08,17.328679513998633
712,0.999999999999996,-4.6749633598568317e-08,17.328679513998633
713,0.999999999999996,-4.705313247203295e-08,17.328679513998633
714,0.999999999999996,-4.735814198494436e-08,17.328679513998633
715,0.999999999999996,-4.7664679522092623e-08,17.328679513998633
716,0.9999999999999959,-4.797276270364361e-08,17.328679513998633
717,0.9999999999999959,-4.828240938935716e-08,17.328679513998633
718,0.9999999999999959,-4.859363768289455e-08,17.328679513998633
719,0.9999999999999958,-4.890646593621741e-08,17.328679513998633
720,0.9999999999999958,-4.922091275408039e-08,17.328679513998633
721,0.9999999999999958,-4.953699699861987e-08,17.328679513998633
722,0.9999999999999958,-4.985473779404128e-08,17.328679513998633
723,0.9999999999999957,-5.017415453140741e-08,17.328679513998633
724,0.9999999999999957,-5.049526687353029e-08,17.328679513998633
725,0.9999999999999957,-5.0818094759969325e-08,17.328679513998633
726,0.9999999999999956,-5.114265841213838e-08,17.328679513998633
727,0.9999999999999956,-5.146897833852458e-08,17.328679513998633
728,0.9999999999999956,-5.1797075340021813e-08,17.328679513998633
729,0.9999999999999956,-5.212697051538172e-08,17.328679513998633
730,0.9999999999999954,-5.245868526678543e-08,17.328679513998633
731,0.9999999999999954,-5.279224130553904e-08,17.328679513998633
732,0.9999999999999954,-5.3127660657896123e-08,17.328679513998633
733,0.9999999999999953,-5.346496567101061e-08,17.328679513998633
734,0.9999999999999953,-5.380417901902347e-08,17.328679513998633
735,0.9999999999999953,-5.414532370928674e-08,17.328679513998633
736,0.9999999999999952,-5.44884230887285e-08,17.328679513998633
737,0.9999999999999952,-5.483350085036263e-08,17.328679513998633
738,0.9999999999999952,-5.518058103994717e-08,17.328679513998633
739,0.9999999999999951,-5.552968806279525e-08,17.328679513998633
740,0.9999999999999951,-5.5880846690742795e-08,17.328679513998633
741,0.9999999999999951,-5.62340820692771e-08,17.328679513998633
742,0.999999999999995,-5.658941972483084e-08,17.328679513998633
743,0.999999999999995,-5.694688557224579e-08,17.328679513998633
744,0.9999999999999949,-5.7306505922411127e-08,17.328679513998633
745,0.9999999999999949,-5.766830749008097e-08,17.328679513998633
746,0.9999999999999949,-5.803231740187609e-08,17.328679513998633
747,0.9999999999999948,-5.839856320447505e-08,17.328679513998633
748,0.9999999999999948,-5.876707287299982e-08,17.328679513998633
749,0.9999999999999947,-5.913787481960145e-08,17.328679513998633
750,0.9999999999999947,-5.951099790225139e-08,17.328679513998633
751,0.9999999999999947,-5.988647143374414e-08,17.328679513998633
752,0.9999999999999946,-6.026432519091738e-08,17.328679513998633
753,0.9999999999999946,-6.064458942409549e-08,17.328679513998633
754,0.9999999999999944,-6.102729486676313e-08,17.328679513998633
755,0.9999999999999944,-6.141247274547515e-08,17.328679513998633
756,0.9999999999999944,-6.180015479000992e-08,17.328679513998633
757,0.9999999999999943,-6.219037324377275e-08,17.328679513998633
758,0.9999999999999943,-6.258316087445701e-08,17.328679513998633
759,0.9999999999999942,-6.297855098497009e-08,17.328679513998633
760,0.9999999999999942,-6.337657742463217e-08,17.328679513998633
761,0.9999999999999941,-6.377727460065582e-08,17.328679513998633
762,0.9999999999999941,-6.41806774899143e-08,17.328679513998633
763,0.999999999999994,-6.458682165100773e-08,17.328679513998633
764,0.999999999999994,-6.499574323663529e-08,17.328679513998633
765,0.9999999999999939,-6.540747900628316e-08,17.328679513998633
766,0.9999999999999939,-6.582206633923726e-08,17.328679513998633
767,0.9999999999999938,-6.623954324793063e-08,17.328679513998633
768,0.9999999999999938,-6.665994839163574e-08,17.328679513998633
769,0.9999999999999937,-6.708332109051191e-08,17.328679513998633
770,0.9999999999999937,-6.750970134001885e-08,17.328679513998633
771,0.9999999999999936,-6.793912982570747e-08,17.328679513998633
772,0.9999999999999936,-6.837164793839944e-08,17.328679513998633
773,0.9999999999999934,-6.88072977897677e-08,17.328679513998633
774,0.9999999999999934,-6.924612222833007e-08,17.328679513998633
775,0.9999999999999933,-6.968816485586908e-08,17.328679513998633
776,0.9999999999999933,-7.013347004429124e-08,17.328679513998633
777,0.9999999999999932,-7.058208295293939e-08,17.328679513998633
778,0.9999999999999932,-7.103404954637274e-08,17.328679513998633
779,0.9999999999999931,-7.148941661262913e-08,17.328679513998633
780,0.999999999999993,-7.194823178198494e-08,17.328679513998633
781,0.999999999999993,-7.241054354622879e-08,17.328679513998633
782,0.9999999999999929,-7.287640127846505e-08,17.328679513998633
783,0.9999999999999929,-7.334585525346471e-08,17.328679513998633
784,0.9999999999999928,-7.381895666858114e-08,17.328679513998633
785,0.9999999999999927,-7.429575766524915e-08,17.328679513998633
786,0.9999999999999927,-7.477631135108649e-08,17.328679513998633
787,0.9999999999999926,-7.526067182261746e-08,17.328679513998633
788,0.9999999999999925,-7.574889418863938e-08,17.328679513998633
789,0.9999999999999925,-7.624103459425312e-08,17.328679513998633
790,0.9999999999999923,-7.673715024557973e-08,17.328679513998633
791,0.9999999999999922,-7.723729943518642e-08,17.328679513998633
792,0.9999999999999922,-7.774154156824555e-08,17.328679513998633
793,0.9999999999999921,-7.824993718945146e-08,17.328679513998633
794,0.999999999999992,-7.876254801072097e-08,17.328679513998633
795,0.9999999999999919,-7.927943693970419e-08,17.328679513998633
796,0.9999999999999919,-7.980066810913363e-08,17.328679513998633
797,0.9999999999999918,-8.032630690704035e-08,17.328679513998633
798,0.9999999999999917,-8.085642000786717e-08,17.328679513998633
799,0.9999999999999916,-8.139107540451044e-08,17.328679513998633
800,0.9999999999999916,-8.193034244132262e-08,17.328679513998633
801,0.9999999999999915,-8.247429184810951e-08,17.328679513998633
802,0.9999999999999913,-8.302299577515743e-08,17.328679513998633
803,0.9999999999999912,-8.357652782932683e-08,17.328679513998633
804,0.9999999999999911,-8.413496311125042e-08,17.328679513998633
805,0.999999999999991,-8.469837825367554e-08,17.328679513998633
806,0.999999999999991,-8.526685146099204e-08,17.328679513998633
807,0.9999999999999909,-8.584046254998854e-08,17.328679513998633
808,0.9999999999999908,-8.641929299188219e-08,17.328679513998633
809,0.9999999999999907,-8.700342595566819e-08,17.328679513998633
810,0.9999999999999906,-8.759294635283791e-08,17.328679513998633
811,0.9999999999999905,-8.818794088351649e-08,17.328679513998633
812,0.9999999999999903,-8.87884980840722e-08,17.328679513998633
813,0.9999999999999902,-8.939470837625346e-08,17.328679513998633
814,0.9999999999999901,-9.000666411791021e-08,17.328679513998633
815,0.99999999999999,-9.062445965536017e-08,17.328679513998633
816,0.9999999999999899,-9.124819137746226e-08,17.328679513998633
817,0.9999999999999898,-9.187795777146265e-08,17.328679513998633
818,0.9999999999999897,-9.251385948068143e-08,17.328679513998633
819,0.9999999999999896,-9.315599936411131e-08,17.328679513998633
820,0.9999999999999895,-9.380448255800257e-08,17.328679513998633
821,0.9999999999999893,-9.445941653951194e-08,17.328679513998633
822,0.9999999999999892,-9.512091119249666e-08,17.328679513998633
823,0.999999999999989,-9.578907887553842e-08,17.328679513998633
824,0.9999999999999889,-9.64640344922861e-08,17.328679513998633
825,0.9999999999999888,-9.714589556420978e-08,17.328679513998633
826,0.9999999999999887,-9.783478230586325e-08,17.328679513998633
827,0.9999999999999886,-9.853081770275644e-08,17.328679513998633
828,0.9999999999999883,-9.923412759194397e-08,17.328679513998633
829,0.9999999999999882,-9.994484074544103e-08,17.328679513998633
830,0.9999999999999881,-1.0066308895658303e-07,17.328679513998633
831,0.9999999999999879,-1.0138900712945095e-07,17.328679513998633
832,0.9999999999999878,-1.0212273337149011e-07,17.328679513998633
833,0.9999999999999877,-1.0286440908945618e-07,17.328679513998633
834,0.9999999999999875,-1.0361417908882884e-07,17.328679513998633
835,0.9999999999999873,-1.0437219167684017e-07,17.328679513998633
836,0.9999999999999871,-1.0513859876927193e-07,17.328679513998633
837,0.999999999999987,-1.0591355600118384e-07,17.328679513998633
838,0.9999999999999868,-1.0669722284174244e-07,17.328679513998633
839,0.9999999999999867,-1.0748976271332904e-07,17.328679513998633
840,0.9999999999999865,-1.0829134311511386e-07,17.328679513998633
841,0.9999999999999863,-1.0910213575129302e-07,17.328679513998633
842,0.9999999999999861,-1.0992231666419495e-07,17.328679513998633
843,0.999999999999986,-1.1075206637247334e-07,17.328679513998633
844,0.9999999999999858,-1.1159157001461485e-07,17.328679513998633
845,0.9999999999999856,-1.1244101749800168e-07,17.328679513998633
846,0.9999999999999853,-1.1330060365378141e-07,17.328679513998633
847,0.9999999999999852,-1.141705283978098e-07,17.328679513998633
848,0.999999999999985,-1.1505099689794637e-07,17.328679513998633
849,0.9999999999999848,-1.1594221974799699e-07,17.328679513998633
850,0.9999999999999846,-1.1684441314861403e-07,17.328679513998633
851,0.9999999999999843,-1.1775779909548066e-07,17.328679513998633
852,0.9999999999999841,-1.1868260557512382e-07,17.328679513998633
853,0.9999999999999839,-1.1961906676871939e-07,17.328679513998633
854,0.9999999999999837,-1.2056742326427256e-07,17.328679513998633
855,0.9999999999999835,-1.2152792227757752e-07,17.328679513998633
856,0.9999999999999832,-1.2250081788238394e-07,17.328679513998633
857,0.999999999999983,-1.2348637125021988e-07,17.328679513998633
858,0.9999999999999827,-1.2448485090034814e-07,17.328679513998633
859,0.9999999999999825,-1.254965329603587e-07,17.328679513998633
860,0.9999999999999822,-1.265217014379287e-07,17.328679513998633
861,0.9999999999999819,-1.2756064850431337e-07,17.328679513998633
862,0.9999999999999817,-1.2861367479016162e-07,17.328679513998633
863,0.9999999999999815,-1.2968108969428727e-07,17.328679513998633
864,0.9999999999999811,-1.3076321170606193e-07,17.328679513998633
865,0.9999999999999808,-1.3186036874213618e-07,17.328679513998633
866,0.9999999999999806,-1.3297289849823755e-07,17.328679513998633
867,0.9999999999999802,-1.3410114881683866e-07,17.328679513998633
868,0.9999999999999799,-1.352454780715372e-07,17.328679513998633
869,0.9999999999999796,-1.3640625556904095e-07,17.328679513998633
870,0.9999999999999793,-1.3758386196970534e-07,17.328679513998633
871,0.999999999999979,-1.3877868972763077e-07,17.328679513998633
872,0.9999999999999786,-1.3999114355138914e-07,17.328679513998633
873,0.9999999999999782,-1.4122164088651647e-07,17.328679513998633
874,0.9999999999999779,-1.4247061242098136e-07,17.328679513998633
875,0.9999999999999776,-1.4373850261491514e-07,17.328679513998633
876,0.9999999999999772,-1.4502577025597423e-07,17.328679513998633
877,0.9999999999999768,-1.4633288904179275e-07,17.328679513998633
878,0.9999999999999765,-1.4766034819108005e-07,17.328679513998633
879,0.999999999999976,-1.4900865308502026e-07,17.328679513998633
880,0.9999999999999756,-1.503783259407416e-07,17.328679513998633
881,0.9999999999999752,-1.517699065187414e-07,17.328679513998633
882,0.9999999999999748,-1.5318395286628213e-07,17.328679513998633
883,0.9999999999999744,-1.5462104209890943e-07,17.328679513998633
884,0.9999999999999739,-1.5608177122239342e-07,17.328679513998633
885,0.9999999999999734,-1.5756675799755344e-07,17.328679513998633
886,0.9999999999999729,-1.5907664185059965e-07,17.328679513998633
887,0.9999999999999725,-1.6061208483181078e-07,17.328679513998633
888,0.9999999999999719,-1.6217377262556967e-07,17.328679513998633
889,0.9999999999999714,-1.6376241561499442e-07,17.328679513998633
890,0.9999999999999709,-1.6537875000464048e-07,17.328679513998633
891,0.9999999999999704,-1.6702353900500233e-07,17.328679513998633
892,0.9999999999999698,-1.686975740828202e-07,17.328679513998633
893,0.9999999999999691,-1.7040167628149754e-07,17.328679513998633
894,0.9999999999999686,-1.7213669761625836e-07,17.328679513998633
895,0.999999999999968,-1.7390352254902778e-07,17.328679513998633
896,0.9999999999999674,-1.757030695484012e-07,17.328679513998633
897,0.9999999999999667,-1.7753629274048534e-07,17.328679513998633
898,0.999999999999966,-1.7940418365684706e-07,17.328679513998633
899,0.9999999999999654,-1.813077730863005e-07,17.328679513998633
900,0.9999999999999647,-1.832481330378008e-07,17.328679513998633
901,0.9999999999999639,-1.8522637882230116e-07,17.328679513998633
902,0.9999999999999631,-1.872436712620696e-07,17.328679513998633
903,0.9999999999999624,-1.8930121903666468e-07,17.328679513998633
904,0.9999999999999616,-1.914002811755339e-07,17.328679513998633
905,0.9999999999999608,-1.9354216970803919e-07,17.328679513998633
906,0.9999999999999599,-1.9572825248263263e-07,17.328679513998633
907,0.999999999999959,-1.9795995616791386e-07,17.328679513998633
908,0.9999999999999581,-2.0023876944940845e-07,17.328679513998633
909,0.9999999999999571,-2.0256624643712242e-07,17.328679513998633
910,0.9999999999999563,-2.049440103002667e-07,17.328679513998633
911,0.9999999999999553,-2.073737571470187e-07,17.328679513998633
912,0.9999999999999541,-2.0985726016881275e-07,17.328679513998633
913,0.9999999999999531,-2.123963740704434e-07,17.328679513998633
914,0.999999999999952,-2.1499303980924496e-07,17.328679513998633
915,0.9999999999999508,-2.176492896688014e-07,17.328679513998633
916,0.9999999999999497,-2.2036725269506326e-07,17.328679513998633
917,0.9999999999999484,-2.2314916052543675e-07,17.328679513998633
918,0.9999999999999472,-2.2599735364439113e-07,17.328679513998633
919,0.9999999999999458,-2.2891428810244378e-07,17.328679513998633
920,0.9999999999999445,-2.31902542739069e-07,17.328679513998633
921,0.999999999999943,-2.3496482695418152e-07,17.328679513998633
922,0.9999999999999415,-2.381039890774262e-07,17.328679513998633
923,0.9999999999999399,-2.4132302538961965e-07,17.328679513998633
924,0.9999999999999384,-2.446250898564104e-07,17.328679513998633
925,0.9999999999999367,-2.4801350464063157e-07,17.328679513998633
926,0.9999999999999349,-2.51491771467006e-07,17.328679513998633
927,0.9999999999999332,-2.5506358392093645e-07,17.328679513998633
928,0.9999999999999313,-2.5873284077219385e-07,17.328679513998633
929,0.9999999999999293,-2.625036604245518e-07,17.328679513998633
930,0.9999999999999273,-2.6638039660395915e-07,17.328679513998633
931,0.9999999999999252,-2.703676554109028e-07,17.328679513998633
932,0.9999999999999228,-2.7447031387738856e-07,17.328679513998633
933,0.9999999999999205,-2.78693540185742e-07,17.328679513998633
934,0.9999999999999181,-2.830428157254808e-07,17.328679513998633
935,0.9999999999999155,-2.875239591862063e-07,17.328679513998633
936,0.9999999999999128,-2.9214315290920243e-07,17.328679513998633
937,0.9999999999999101,-2.9690697174871085e-07,17.328679513998633
938,0.9999999999999071,-3.018224147262316e-07,17.328679513998633
939,0.9999999999999041,-3.068969397983618e-07,17.328679513998633
940,0.9999999999999007,-3.1213850210141674e-07,17.328679513998633
941,0.9999999999998974,-3.1755559608533487e-07,17.328679513998633
942,0.9999999999998938,-3.2315730200626137e-07,17.328679513998633
943,0.99999999999989,-3.2895333731308786e-07,17.328679513998633
944,0.999999999999886,-3.3495411353969187e-07,17.328679513998633
945,0.9999999999998819,-3.411707994036021e-07,17.328679513998633
946,0.9999999999998774,-3.476153909156258e-07,17.328679513998633
947,0.9999999999998727,-3.5430078942641464e-07,17.328679513998633
948,0.9999999999998678,-3.6124088867840284e-07,17.328679513998633
949,0.9999999999998624,-3.6845067209914933e-07,17.328679513998633
950,0.9999999999998569,-3.759463217698804e-07,17.328679513998633
951,0.999999999999851,-3.8374534073711826e-07,17.328679513998633
952,0.9999999999998447,-3.91866690613263e-07,17.328679513998633
953,0.9999999999998379,-4.0033094674320537e-07,17.328679513998633
954,0.9999999999998308,-4.0916047361006226e-07,17.328679513998633
955,0.9999999999998231,-4.183796236283433e-07,17.328679513998633
956,0.999999999999815,-4.280149630452753e-07,17.328679513998633
957,0.9999999999998063,-4.3809552936324173e-07,17.328679513998633
958,0.9999999999997969,-4.48653125536855e-07,17.328679513998633
959,0.9999999999997868,-4.597226572232584e-07,17.328679513998633
960,0.9999999999997761,-4.71342520619973e-07,17.328679513998633
961,0.9999999999997644,-4.835550499701042e-07,17.328679513998633
962,0.9999999999997518,-4.964070357262647e-07,17.328679513998633
963,0.9999999999997382,-5.099503267410788e-07,17.328679513998633
964,0.9999999999997234,-5.242425328227696e-07,17.328679513998633
965,0.9999999999997073,-5.393478477288465e-07,17.328679513998633
966,0.9999999999996898,-5.55338017393972e-07,17.328679513998633
967,0.9999999999996707,-5.722934841992572e-07,17.328679513998633
968,0.9999999999996497,-5.9030474579205e-07,17.328679513998633
969,0.9999999999996267,-6.094739769031009e-07,17.328679513998633
970,0.9999999999996014,-6.299169755271603e-07,17.328679513998633
971,0.9999999999995735,-6.517655117616302e-07,17.328679513998633
972,0.9999999999995424,-6.75170179967782e-07,17.328679513998633
973,0.9999999999995078,-7.003038847455782e-07,17.328679513998633
974,0.9999999999994692,-7.273661313642213e-07,17.328679513998633
975,0.9999999999994258,-7.565883458960317e-07,17.328679513998633
976,0.9999999999993769,-7.882405253837961e-07,17.328679513998633
977,0.9999999999993215,-8.226396228343771e-07,17.328679513998633
978,0.9999999999992584,-8.601602190287625e-07,17.328679513998633
979,0.999999999999186,-9.012482434206978e-07,17.328679513998633
980,0.9999999999991025,-9.464388113049065e-07,17.328679513998633
981,0.9999999999990055,-9.963796937752747e-07,17.328679513998633
982,0.9999999999988918,-1.0518626110024272e-06,17.328679513998633
983,0.9999999999987575,-1.1138655701975072e-06,17.328679513998633
984,0.9999999999985972,-1.1836110803123688e-06,17.328679513998633
985,0.9999999999984039,-1.262647652619847e-06,17.328679513998633
986,0.9999999999981677,-1.352966230114139e-06,17.328679513998633
987,0.9999999999978749,-1.4571703535575157e-06,17.328679513998633
988,0.9999999999975059,-1.5787314105503798e-06,17.328679513998633
989,0.9999999999970316,-1.7223831113668113e-06,17.328679513998633
990,0.9999999999964081,-1.894752650291429e-06,17.328679513998633
991,0.9999999999955654,-2.105412641180814e-06,17.328679513998633
992,0.9999999999943874,-2.3687220046959757e-06,17.328679513998633
993,0.9999999999926691,-2.7072447588768646e-06,17.328679513998633
994,0.9999999999900215,-3.1585876002912307e-06,17.328679513998633
995,0.9999999999856307,-3.7904425825615475e-06,17.328679513998633
996,0.9999999999775477,-4.738193812680102e-06,17.328679513998633
997,0.9999999999600844,-6.317737539942281e-06,17.328679513998633
998,0.9999999999101892,-9.476762511575266e-06,17.328679513998633
999,0.999999999640755,-1.895371245961673e-05,17.328679513998633
