,0,1,tau
0,0.0,0.0,17.328679513998633
1,0.999999940395357,0.0,17.328679513998633
2,0.9999999999964726,1.8776714962037747e-06,17.328679513998633
3,0.9999999999991186,9.37889705709318e-07,17.328679513998633
4,0.9999999999996085,6.242080804788724e-07,17.328679513998633
5,0.9999999999997801,4.670508595329561e-07,17.328679513998633
6,0.9999999999998594,3.7250268476666956e-07,17.328679513998633
7,0.9999999999999026,3.092582634946377e-07,17.328679513998633
8,0.9999999999999286,2.6390089123413555e-07,17.328679513998633
9,0.9999999999999455,2.297220820086813e-07,17.328679513998633
10,0.999999999999957,2.029947780900652e-07,17.328679513998633
11,0.9999999999999653,1.8148263356045672e-07,17.328679513998633
12,0.9999999999999714,1.6376241561499442e-07,17.328679513998633
13,0.999999999999976,1.488852049098479e-07,17.328679513998633
14,0.9999999999999797,1.361939646866506e-07,17.328679513998633
15,0.9999999999999826,1.2521929427047304e-07,17.328679513998633
16,0.9999999999999849,1.1561688088487954e-07,17.328679513998633
17,0.9999999999999868,1.0712840675400376e-07,17.328679513998633
18,0.9999999999999883,9.955625341501749e-08,17.328679513998633
19,0.9999999999999897,9.274663764091849e-08,17.328679513998633
20,0.9999999999999907,8.657807257156487e-08,17.328679513998633
21,0.9999999999999917,8.095329020958696e-08,17.328679513998633
22,0.9999999999999925,7.579347147113924e-08,17.328679513998633
23,0.9999999999999932,7.103404954637274e-08,17.328679513998633
24,0.9999999999999938,6.662160771159687e-08,17.328679513998633
25,0.9999999999999943,6.251155235175493e-08,17.328679513998633
26,0.9999999999999948,5.866634410619508e-08,17.328679513998633
27,0.9999999999999952,5.5054136843621874e-08,17.328679513998633
28,0.9999999999999956,5.1647718700352665e-08,17.328679513998633
29,0.9999999999999959,4.842367963119378e-08,17.328679513998633
30,0.9999999999999961,4.5361750759870986e-08,17.328679513998633
31,0.9999999999999964,4.2444275401792664e-08,17.328679513998633
32,0.9999999999999967,3.9655781982623415e-08,17.328679513998633
33,0.9999999999999969,3.698263651510358e-08,17.328679513998633
34,0.999999999999997,3.441275770602357e-08,17.328679513998633
35,0.9999999999999972,3.193538174205572e-08,17.328679513998633
36,0.9999999999999973,2.954086675648227e-08,17.328679513998633
37,0.9999999999999974,2.722052919289783e-08,17.328679513998633
38,0.9999999999999976,2.49665059563667e-08,17.328679513998633
39,0.9999999999999977,2.2771637519115898e-08,17.328679513998633
40,0.9999999999999978,2.0629368128443395e-08,17.328679513998633
41,0.9999999999999979,1.8533660022887168e-08,17.328679513998633
42,0.999999999999998,1.6478919152767367e-08,17.328679513998633
43,0.999999999999998,1.4459930362740001e-08,17.328679513998633
44,0.9999999999999981,1.2471800356512682e-08,17.328679513998633
45,0.9999999999999981,1.0509907049445153e-08,17.328679513998633
46,0.9999999999999981,8.569854139982018e-09,17.328679513998633
47,0.9999999999999982,6.647429908264556e-09,17.328679513998633
48,0.9999999999999982,4.738569389310532e-09,17.328679513998633
49,0.9999999999999982,2.839319175984254e-09,17.328679513998633
50,0.9999999999999982,9.458041889662397e-10,17.328679513998633
51,0.9999999999999982,-9.458041889662397e-10,17.328679513998633
52,0.9999999999999982,-2.839319175984254e-09,17.328679513998633
53,0.9999999999999982,-4.738569389310532e-09,17.328679513998633
54,0.9999999999999982,-6.647429908264556e-09,17.328679513998633
55,0.9999999999999981,-8.569854139982018e-09,17.328679513998633
56,0.9999999999999981,-1.0509907049445153e-08,17.328679513998633
57,0.9999999999999981,-1.2471800356512682e-08,17.328679513998633
58,0.999999999999998,-1.4459930362740001e-08,17.328679513998633
59,0.999999999999998,-1.6478919152767367e-08,17.328679513998633
60,0.9999999999999979,-1.8533660022887168e-08,17.328679513998633
61,0.9999999999999978,-2.0629368128443395e-08,17.328679513998633
62,0.9999999999999977,-2.2771637519115898e-08,17.328679513998633
63,0.9999999999999976,-2.49665059563667e-08,17.328679513998633
64,0.9999999999999974,-2.722052919289783e-08,17.328679513998633
65,0.9999999999999973,-2.954086675648227e-08,17.328679513998633
66,0.9999999999999972,-3.193538174205572e-08,17.328679513998633
67,0.999999999999997,-3.441275770602357e-08,17.328679513998633
68,0.9999999999999969,-3.698263651510358e-08,17.328679513998633
69,0.9999999999999967,-3.9655781982623415e-08,17.328679513998633
70,0.9999999999999964,-4.2444275401792664e-08,17.328679513998633
71,0.9999999999999961,-4.5361750759870986e-08,17.328679513998633
72,0.9999999999999959,-4.842367963119378e-08,17.328679513998633
73,0.9999999999999956,-5.1647718700352665e-08,17.328679513998633
74,0.9999999999999952,-5.5054136843621874e-08,17.328679513998633
75,0.9999999999999948,-5.866634410619508e-08,17.328679513998633
76,0.9999999999999943,-6.251155235175493e-08,17.328679513998633
77,0.9999999999999938,-6.662160771159687e-08,17.328679513998633
78,0.9999999999999932,-7.103404954637274e-08,17.328679513998633
79,0.9999999999999925,-7.579347147113924e-08,17.328679513998633
80,0.9999999999999917,-8.095329020958696e-08,17.328679513998633
81,0.9999999999999907,-8.657807257156487e-08,17.328679513998633
82,0.9999999999999897,-9.274663764091849e-08,17.328679513998633
83,0.9999999999999883,-9.955625341501749e-08,17.328679513998633
84,0.9999999999999868,-1.0712840675400376e-07,17.328679513998633
85,0.9999999999999849,-1.1561688088487954e-07,17.328679513998633
86,0.9999999999999826,-1.2521929427047304e-07,17.328679513998633
87,0.9999999999999797,-1.361939646866506e-07,17.328679513998633
88,0.999999999999976,-1.488852049098479e-07,17.328679513998633
89,0.9999999999999714,-1.6376241561499442e-07,17.328679513998633
90,0.9999999999999653,-1.8148263356045672e-07,17.328679513998633
91,0.999999999999957,-2.029947780900652e-07,17.328679513998633
92,0.9999999999999455,-2.297220820086813e-07,17.328679513998633
93,0.9999999999999286,-2.6390089123413555e-07,17.328679513998633
94,0.9999999999999026,-3.092582634946377e-07,17.328679513998633
95,0.9999999999998594,-3.7250268476666956e-07,17.328679513998633
96,0.9999999999997801,-4.670508595329561e-07,17.328679513998633
97,0.9999999999996085,-6.242080804788724e-07,17.328679513998633
98,0.9999999999991186,-9.37889705709318e-07,17.328679513998633
99,0.9999999999964726,-1.8776714962037747e-06,17.328679513998633
