,0,1,2,3,4,5,6,7,8,9,tau
0,0.0,0.0,0.0,0.0,0.0,0.0,0.0,0.0,0.0,0.0,4.3988186456263065
1,0.7797851723153144,0.2801296109100804,0.17651907895924523,0.1295903447899036,0.10259051684988663,0.084991055453429,0.07259018218610436,0.06337204031297006,0.0562462484522257,0.43281860009301454,4.3988186456263065
2,-0.34712714923080057,-0.43650730489753187,-0.5669304945040494,0.2498546254937537,0.16433867067098618,0.122982644388685,0.09843388150329702,0.08213150704978034,0.35862540162634104,-0.2645128635922447,4.3988186456263065
3,0.8045948161743581,0.27586038468871266,0.18241970153758302,0.11875086455256678,0.11514385504415259,0.09251094976207241,0.07812600943725556,0.05373150427476503,0.062436104388325475,0.4395182701991871,4.3988186456263065
4,0.8000331993680447,0.2823095927014947,0.17312449094606563,0.13797957659699023,0.10868525362457149,0.08982518487027846,0.0766110752010718,0.06682020620792173,0.06397459199069999,0.4428835933795199,4.3988186456263065
5,-0.351927524083294,-0.4569362517213449,-0.5763822395820171,0.23954146885080263,0.17671604955103248,0.13012361380970106,0.10352909244829789,0.07203896099235862,0.3694748458219692,-0.27552061330061406,4.3988186456263065
6,-0.3652652100427076,-0.447872712276876,-0.5786317032761872,0.25162351212929934,0.1652186218998395,0.12350690600578673,0.09877892781514674,0.08237359818303958,0.36328420497011393,-0.27569769928231835,4.3988186456263065
7,0.8051008488982916,0.27602972846943885,0.18253452010685578,0.11882083676755428,0.11521919869119301,0.09257064963458106,0.07817616147804074,0.05376162537140772,0.06247675845224876,0.4397924682125449,4.3988186456263065
8,0.8003432913683355,0.282418018206954,0.17319003154989332,0.13803404109785333,0.10872805170947686,0.08986051546526141,0.07664118782849982,0.0668464586196933,0.06400061579188332,0.4430550247197971,4.3988186456263065
9,-0.3521468943217769,-0.4572256924584508,-0.5767420378979295,0.23968637001235038,0.1768294433131814,0.13020646915538236,0.1035948233329691,0.0720802657015156,0.3697070423513651,-0.27569471241440624,4.3988186456263065
10,-0.36540857306681573,-0.44804631324950606,-0.5788553887978196,0.2517201171722263,0.1652819971786812,0.12355425450368784,0.09881678150850348,0.08240515590296127,0.36342410231009126,-0.2758054045261815,4.3988186456263065
11,0.8051070503424853,0.27603185398038477,0.18253592611290514,0.11882175129721873,0.11522008664906025,0.09257136291125789,0.07817676378181204,0.05376203893683851,0.06247723990236409,0.4397958554327488,4.3988186456263065
12,0.8003471014089882,0.28241936257109046,0.17319085577037185,0.13803469837876037,0.10872856940841302,0.08986094332067296,0.07664155273232609,0.06684677689918317,0.06400092065450735,0.4430571338161826,4.3988186456263065
13,-0.3521496066823602,-0.4572292148368433,-0.5767464800737798,0.23968821548623964,0.1768308057799004,0.13020747230621055,0.10359562141820788,0.07208082036231644,0.36970989021938294,-0.27569683629553765,4.3988186456263065
14,-0.3654103131266311,-0.4480484463274479,-0.5788581445813179,0.2517213155515492,0.16528278397163376,0.12355484266299754,0.09881725191371515,0.08240554816438816,0.3634258323581889,-0.2758067176910117,4.3988186456263065
