,0,1,tau
0,0.0,0.0,66.78206489625627
1,1.0,0.0,66.78206489625627
2,-1.0,1.735981506523388e-151,66.78206489625627
3,1.0,1.1465344109725052e-29,66.78206489625627
4,1.0,-1.1465344109725052e-29,66.78206489625627
5,-1.0,-1.1465344109725052e-29,66.78206489625627
6,-1.0,1.1465344109725052e-29,66.78206489625627
7,1.0,1.1465344109725052e-29,66.78206489625627
8,1.0,-1.1465344109725052e-29,66.78206489625627
9,-1.0,-1.1465344109725052e-29,66.78206489625627
10,-1.0,1.1465344109725052e-29,66.78206489625627
11,1.0,1.1465344109725052e-29,66.78206489625627
12,1.0,-1.1465344109725052e-29,66.78206489625627
13,-1.0,-1.1465344109725052e-29,66.78206489625627
14,-1.0,1.1465344109725052e-29,66.78206489625627
