,0,1,2,3,4,5,6,7,8,9,tau
0,0.0,0.0,0.0,0.0,0.0,0.0,0.0,0.0,0.0,0.0,2.1994093228131533
1,0.6396690101828426,0.22979435528395697,0.14480114332400262,0.10630482668057084,0.08415647887159139,0.06971938713104464,0.05954677214322146,0.05198499758262187,0.04613960787537508,0.35504733270499855,2.1994093228131533
2,0.6396690101828426,-0.26157304795924574,0.11643803404876962,0.09032844146713614,0.07387936415034346,0.06254342364263721,0.05424779724853579,0.047909459535731,0.3151856688782573,-0.16542333661345765,2.1994093228131533
3,0.2220460369135253,0.6021720285061747,-0.26514087500981987,0.10770754297845997,0.08502638639765792,0.07031237037153915,0.05997725324414205,0.05231190292397514,-0.34617835469543934,0.09201110529829748,2.1994093228131533
4,0.2220460369135253,0.17412494390737265,0.5781000850256532,0.2228868724196218,0.142114044749178,0.10486836798372678,0.08326036384096369,-0.3472091226140037,-0.10741362010594457,-0.08311847760342062,2.1994093228131533
5,0.2220460369135253,0.17412494390737265,0.14338340848917142,0.5612916483078152,0.22077560715842992,0.14127893472323194,0.10441878807614557,0.08297879493329674,-0.34721863584127277,0.13544964278116822,2.1994093228131533
6,0.2220460369135253,0.17412494390737265,0.14338340848917142,0.5612916483078152,-0.2694283868186176,0.09688230050960556,0.07817899342626333,0.06558435584884137,-0.3471861567813903,0.11166212771786377,2.1994093228131533
7,0.2220460369135253,0.17412494390737265,0.14338340848917142,0.12194859868031926,0.5488704738672823,0.21914635866414756,0.1406299974769354,-0.3408674644306302,-0.16891644097631797,0.10858406103216112,2.1994093228131533
8,0.2220460369135253,0.17412494390737265,0.14338340848917142,0.12194859868031926,0.5488704738672823,-0.27081961545627564,0.09328723858925514,-0.3466929420828819,-0.14044546446530148,-0.04846767583512701,2.1994093228131533
9,0.2220460369135253,0.17412494390737265,0.14338340848917142,0.12194859868031926,0.10613334100344218,0.5393076264299452,-0.2719202156877145,0.09041343416902237,0.07393589039565995,0.36861348268575966,2.1994093228131533
10,0.2220460369135253,0.17412494390737265,0.14338340848917142,0.12194859868031926,0.10613334100344218,0.09397573937894776,0.5317132186610252,0.21679387416224927,-0.3570286281174049,-0.2197519342880696,2.1994093228131533
11,0.2220460369135253,0.17412494390737265,0.14338340848917142,0.12194859868031926,0.10613334100344218,0.09397573937894776,0.08433404605602846,0.5255332810338587,-0.2735518905101344,0.38386298017576337,2.1994093228131533
12,0.2220460369135253,0.17412494390737265,0.14338340848917142,0.12194859868031926,0.10613334100344218,0.09397573937894776,0.08433404605602846,0.07649796336772852,-0.6035114040132612,-0.358174120541662,2.1994093228131533
13,0.2220460369135253,0.17412494390737265,0.14338340848917142,0.12194859868031926,0.10613334100344218,0.09397573937894776,0.08433404605602846,-0.4116380325285718,-0.1210719569644425,-0.5605910851154476,2.1994093228131533
14,0.2220460369135253,0.17412494390737265,0.14338340848917142,0.12194859868031926,0.10613334100344218,0.09397573937894776,-0.40557146060746163,-0.11425748254987411,0.35539153846912086,0.44903536257334054,2.1994093228131533
15,0.2220460369135253,0.17412494390737265,0.14338340848917142,0.12194859868031926,0.10613334100344218,0.09397573937894776,-0.40557146060746163,-0.5152344896923751,0.21895398676861078,-0.16608204989461228,2.1994093228131533
16,0.2220460369135253,0.17412494390737265,0.14338340848917142,0.12194859868031926,0.10613334100344218,-0.39796612900681794,0.3869278396014124,-0.29335456748958677,-0.08429084709496237,-0.33624140452593565,2.1994093228131533
17,0.2220460369135253,0.17412494390737265,0.14338340848917142,0.12194859868031926,0.10613334100344218,-0.39796612900681794,-0.09471478615887463,-0.10641482856590301,-0.12132206762908027,0.5664973377715796,2.1994093228131533
18,0.2220460369135253,0.17412494390737265,0.14338340848917142,0.12194859868031926,0.10613334100344218,-0.39796612900681794,-0.09471478615887463,-0.5132374567911029,0.1736430573510006,-0.23107962968060747,2.1994093228131533
19,0.2220460369135253,0.17412494390737265,0.14338340848917142,0.12194859868031926,-0.388163578347303,0.40734005300328135,0.195442215714138,-0.33054833638016135,-0.12111008857027628,0.21644909848691896,2.1994093228131533
20,0.2220460369135253,0.17412494390737265,0.14338340848917142,0.12194859868031926,-0.388163578347303,-0.07031234411988407,0.40208981838077307,0.1943414881825447,-0.33077208674512804,0.24719387461664155,2.1994093228131533
21,0.2220460369135253,0.17412494390737265,0.14338340848917142,0.12194859868031926,-0.388163578347303,-0.07031234411988407,-0.07662621643976308,0.3957916632061824,0.19299588137073442,0.4125406563980505,2.1994093228131533
22,0.2220460369135253,0.17412494390737265,0.14338340848917142,0.12194859868031926,-0.388163578347303,-0.07031234411988407,-0.07662621643976308,-0.08416704318369739,-0.5683449278585613,-0.18435887817759067,2.1994093228131533
23,0.2220460369135253,0.17412494390737265,0.14338340848917142,0.12194859868031926,-0.388163578347303,-0.07031234411988407,-0.5034000182058662,0.020116758278163616,-0.3386380751617253,0.0383120430924464,2.1994093228131533
24,0.2220460369135253,0.17412494390737265,0.14338340848917142,-0.37507469893898815,0.4330505869584158,0.2005698008579202,0.13294477004092187,0.09984859527321532,-0.3461856843205169,0.15657395496964455,2.1994093228131533
25,0.2220460369135253,0.17412494390737265,0.14338340848917142,-0.37507469893898815,0.4330505869584158,-0.2860419931821525,0.050956947437953204,0.045329588116146624,-0.3452263274230063,0.08111479080980644,2.1994093228131533
26,0.2220460369135253,0.17412494390737265,0.14338340848917142,-0.37507469893898815,-0.03906468584318645,0.4315042409580201,0.20027327846037224,-0.3295622415607795,-0.116261281829793,0.22317199368262663,2.1994093228131533
27,0.2220460369135253,0.17412494390737265,0.14338340848917142,-0.37507469893898815,-0.03906468584318645,-0.04095822575618513,0.4297997059766203,0.19994471169775352,0.13267672166693956,0.39275008300319314,2.1994093228131533
28,0.2220460369135253,0.17412494390737265,0.14338340848917142,-0.37507469893898815,-0.03906468584318645,-0.04095822575618513,0.4297997059766203,-0.28653284639585763,0.30680998449679464,-0.18868012417806312,2.1994093228131533
29,0.2220460369135253,0.17412494390737265,0.14338340848917142,-0.37507469893898815,-0.03906468584318645,-0.04095822575618513,-0.04304350721940864,-0.045351055756327696,-0.4909322994062677,0.3894065109780058,2.1994093228131533
30,0.2220460369135253,0.17412494390737265,0.14338340848917142,-0.37507469893898815,-0.03906468584318645,-0.04095822575618513,-0.04304350721940864,-0.4896893723635003,0.19997447630157694,-0.3390032433671877,2.1994093228131533
31,0.2220460369135253,0.17412494390737265,0.14338340848917142,-0.37507469893898815,-0.03906468584318645,-0.4875166575657204,0.11179785933927633,0.08753429393982515,-0.34703019401058555,0.14133481780299917,2.1994093228131533
32,0.2220460369135253,0.17412494390737265,0.14338340848917142,-0.37507469893898815,-0.4865625100210309,0.11641941004199907,0.09031733355368488,0.07387197486241348,-0.18041296279989183,-0.3214115109294653,2.1994093228131533
33,0.2220460369135253,0.17412494390737265,-0.3567658405518159,0.4664727107156068,0.20663419004995376,0.13551274011842906,-0.34169179724995047,-0.17132945876801386,0.06388069220702164,-0.06983563452376984,2.1994093228131533
34,0.2220460369135253,0.17412494390737265,-0.3567658405518159,0.0022329557223201846,0.4664679351262748,0.20663336879806593,0.13551239640219137,0.10127296295831911,0.08099371797288768,0.3718178761191666,2.1994093228131533
35,0.2220460369135253,0.17412494390737265,-0.3567658405518159,0.0022329557223201846,0.4664679351262748,-0.2812064985046163,0.06504231388680637,0.05611201973806601,0.049354215181665495,0.3566983211785555,2.1994093228131533
36,0.2220460369135253,0.17412494390737265,-0.3567658405518159,0.0022329557223201846,0.0022270091276368476,0.4664631847990677,0.20663255167892203,0.13551205431576818,0.19920157035812736,-0.3396812699502334,2.1994093228131533
37,0.2220460369135253,0.17412494390737265,-0.3567658405518159,0.0022329557223201846,0.0022270091276368476,0.4664631847990677,-0.2812071591615677,-0.3473455965286121,-0.08071549292071722,-0.09941699358751066,2.1994093228131533
38,0.2220460369135253,0.17412494390737265,-0.3567658405518159,0.0022329557223201846,0.0022270091276368476,0.0022210942552192137,0.46645845973398536,-0.2812078162096441,-0.18708590150345117,-0.31944586941972375,2.1994093228131533
39,0.2220460369135253,0.17412494390737265,-0.3567658405518159,0.0022329557223201846,0.0022270091276368476,0.0022210942552192137,0.0022152107985675684,0.0022093587549534277,0.0022035372012396692,0.6585540862288326,2.1994093228131533
40,0.2220460369135253,0.17412494390737265,-0.3567658405518159,0.0022329557223201846,0.0022270091276368476,0.0022210942552192137,0.0022152107985675684,-0.4633240180555731,-0.2775491839274764,0.3768295720219612,2.1994093228131533
41,0.2220460369135253,0.17412494390737265,-0.3567658405518159,0.0022329557223201846,0.0022270091276368476,0.0022210942552192137,-0.46332041430287063,0.21112644136883318,0.41539873310830444,-0.04372459775186144,2.1994093228131533
42,0.2220460369135253,0.17412494390737265,-0.3567658405518159,0.0022329557223201846,0.0022270091276368476,-0.4633167911088094,0.21113915467867628,0.13738283142447472,0.19648167415289208,-0.3420406114310026,2.1994093228131533
43,0.2220460369135253,0.17412494390737265,-0.3567658405518159,0.0022329557223201846,0.0022270091276368476,-0.4633167911088094,-0.27752828469965607,-0.34674285037908703,-0.1384754265891388,-0.05121148654143326,2.1994093228131533
44,0.2220460369135253,0.17412494390737265,-0.3567658405518159,0.0022329557223201846,-0.46331314800772816,0.2111519355676137,-0.3273225515149534,-0.1053899725084193,-0.08333470876095816,-0.22199557645944878,2.1994093228131533
45,0.2220460369135253,0.17412494390737265,-0.3567658405518159,-0.4633094855817035,0.21116478432668373,0.13739338074810803,0.10230711387703195,0.08164917142130435,-0.19491110503440723,-0.3169797307346016,2.1994093228131533
46,0.2220460369135253,0.17412494390737265,-0.3567658405518159,-0.4633094855817035,-0.2775071596261114,0.07539992535021156,0.0636253206175752,0.05505742986861151,-0.14207729155896232,-0.3303127266699448,2.1994093228131533
47,0.2220460369135253,-0.32946352811995894,0.511781029170379,0.21390315290773287,-0.32675304857548326,-0.10266241690260358,-0.13096009759465232,-0.16846742993220687,-0.005750470232669613,-0.11059726640814915,2.1994093228131533
48,0.2220460369135253,-0.32946352811995894,0.0590963847207604,0.5086597688496113,0.21343436499591917,0.1383235506946221,0.1028156318643596,0.08197043524705805,-0.19549393124179915,-0.3167890354525298,2.1994093228131533
49,0.2220460369135253,-0.32946352811995894,0.0590963847207604,0.5086597688496113,-0.27562749944627285,0.08053266859496944,0.06722524567157961,0.05772387499746401,-0.1478039671201259,-0.3292380415368825,2.1994093228131533
50,0.2220460369135253,-0.32946352811995894,0.0590963847207604,0.05515454724081792,0.505928668892011,0.2130204820423387,0.13815451151458547,-0.34127056412398815,0.0935937195608858,-0.17490040115080774,2.1994093228131533
51,0.2220460369135253,-0.32946352811995894,0.0590963847207604,0.05515454724081792,0.05170797808386851,0.5035186365712434,0.212652362708468,0.13800394401187077,0.10264111906872131,0.3811006402829662,2.1994093228131533
52,0.2220460369135253,-0.32946352811995894,0.0590963847207604,0.05515454724081792,0.05170797808386851,0.5035186365712434,-0.2762771483976394,0.0787682963127736,-0.34732561034616083,0.1298862056573853,2.1994093228131533
53,0.2220460369135253,-0.32946352811995894,0.0590963847207604,0.05515454724081792,0.05170797808386851,0.048668619827367365,0.5013760209549218,0.21232279209652916,0.4155080837663263,-0.04577713408798445,2.1994093228131533
54,0.2220460369135253,-0.32946352811995894,0.0590963847207604,0.05515454724081792,0.05170797808386851,0.048668619827367365,0.04596815699187573,0.49945851997472346,-0.1416792348609306,-0.44671747845131904,2.1994093228131533
55,0.2220460369135253,-0.32946352811995894,0.0590963847207604,0.05515454724081792,0.05170797808386851,0.048668619827367365,0.04596815699187573,0.043552769886446185,0.3707895199768245,-0.5742008469533175,2.1994093228131533
56,0.2220460369135253,-0.32946352811995894,0.0590963847207604,0.05515454724081792,0.05170797808386851,0.048668619827367365,0.04596815699187573,-0.6793611927423626,0.08178203093120828,-0.02946851784508908,2.1994093228131533
57,0.2220460369135253,-0.32946352811995894,0.0590963847207604,0.05515454724081792,0.05170797808386851,0.048668619827367365,-0.43422581255435944,-0.1926589963841252,-0.4954420083668083,0.008310662273288472,2.1994093228131533
58,0.2220460369135253,-0.32946352811995894,0.0590963847207604,0.05515454724081792,0.05170797808386851,-0.43229855445679277,0.30534785985946655,0.1701936291065067,0.1496964113903232,-0.3769294203957543,2.1994093228131533
59,0.2220460369135253,-0.32946352811995894,0.0590963847207604,0.05515454724081792,0.05170797808386851,-0.43229855445679277,-0.18716337624937296,0.25875555572565645,0.41321170947048813,-0.11815035526524298,2.1994093228131533
60,0.2220460369135253,-0.32946352811995894,0.0590963847207604,0.05515454724081792,-0.4301124365301803,0.31111512635834515,0.17186689475784078,0.1199535315099638,-0.2562600808450952,-0.2913041489664465,2.1994093228131533
61,0.2220460369135253,-0.32946352811995894,0.0590963847207604,0.05515454724081792,-0.4301124365301803,-0.18096472939942032,0.26819367811549455,0.15856291283853352,-0.3377400056924671,0.21762455365387723,2.1994093228131533
62,0.2220460369135253,-0.32946352811995894,0.0590963847207604,0.05515454724081792,-0.4301124365301803,-0.18096472939942032,-0.22548552864464,0.19334262452321127,-0.3380387135548517,-0.2366506666294299,2.1994093228131533
63,0.2220460369135253,-0.32946352811995894,0.0590963847207604,-0.4276119292480871,0.3176007713191211,0.17370903166010976,0.12083101089228876,0.09292502331663854,-0.34671725961379707,0.14812386134872213,2.1994093228131533
64,0.2220460369135253,-0.32946352811995894,0.0590963847207604,-0.4276119292480871,0.3176007713191211,-0.3057576850987971,-0.014265074591094162,-0.014765034738957183,-0.3173640670720488,-0.030567069748940412,2.1994093228131533
65,0.2220460369135253,-0.32946352811995894,0.0590963847207604,-0.4276119292480871,-0.1739223599433899,0.2785927023505792,-0.3134157290915027,-0.04383923650311772,-0.04882304968487006,0.29331883403938264,2.1994093228131533
66,0.2220460369135253,-0.32946352811995894,0.0590963847207604,-0.4276119292480871,-0.1739223599433899,-0.21506175788817927,0.21249068330507725,-0.3270455503370613,-0.17726533283712342,-0.1907856908510439,2.1994093228131533
67,0.2220460369135253,-0.32946352811995894,-0.4247245119186118,0.3249487590510398,0.17574685969157144,0.1217944422387518,0.09348826002678834,0.07596723135793582,-0.3473585615865886,0.12611762451706454,2.1994093228131533
68,0.2220460369135253,-0.32946352811995894,-0.4247245119186118,-0.1658560954965651,0.290107014705427,0.16560618608491495,0.11692394691635855,0.09061796241439879,-0.3468625961104408,0.14524125796742737,2.1994093228131533
69,0.2220460369135253,-0.32946352811995894,-0.4247245119186118,-0.1658560954965651,0.290107014705427,-0.31111181038431823,-0.03464572399388999,-0.03770885008270852,-0.29084447701461613,-0.08193634750205092,2.1994093228131533
70,0.2220460369135253,-0.32946352811995894,-0.4247245119186118,-0.1658560954965651,-0.20323681976879016,0.23291563661769032,-0.3228025189600885,-0.08421184559119865,-0.10349309662706219,0.23941632366040722,2.1994093228131533
71,0.2220460369135253,-0.32946352811995894,-0.4247245119186118,-0.1658560954965651,-0.20323681976879016,-0.25879530201200396,0.12307048888760619,-0.3435360078001395,0.14689254271797836,-0.10889458589372225,2.1994093228131533
72,-0.28475340106524527,0.5769193563610315,0.2227419586852193,0.14205693308031186,0.10483767004916444,0.08324115484720096,0.06909305645967834,0.05909087085456122,-0.3468143396312371,0.10221752067445777,2.1994093228131533
73,-0.28475340106524527,0.5769193563610315,-0.2677377868676558,0.10119579144520685,0.08094469227944501,0.06751078620436601,0.05793357755464967,-0.3467244677012786,0.041272653339547105,-0.09163471113424748,2.1994093228131533
74,-0.28475340106524527,0.14187667437363416,0.5604380080476403,-0.26952263445127755,0.09664006336242892,0.07802218428696506,0.06547444214811549,0.05643232518923469,-0.34659668034873903,0.09825771176838316,2.1994093228131533
75,-0.28475340106524527,0.14187667437363416,0.12086094674305059,0.5482239164412022,0.2190598865854554,0.1405954451765865,0.10404971314710565,-0.3457986512221396,-0.1613307852530852,-0.008573482871724991,2.1994093228131533
76,-0.28475340106524527,0.14187667437363416,0.12086094674305059,0.5482239164412022,-0.2708932110108435,0.09309589801705442,0.07570949333603494,-0.347359994542785,-0.0719020256656222,-0.10318777716020122,2.1994093228131533
77,-0.28475340106524527,0.14187667437363416,0.12086094674305059,0.10531080901273526,0.5388006176799536,0.21778038650518283,-0.325949018355459,-0.09883948037168011,-0.1168057877512183,-0.21523844014154747,2.1994093228131533
78,-0.28475340106524527,0.14187667437363416,0.12086094674305059,0.10531080901273526,0.09333166404394433,0.5313047911040485,0.21673637884669006,0.13966285390779376,-0.2822121613426134,-0.2767633117036894,2.1994093228131533
79,-0.28475340106524527,0.14187667437363416,0.12086094674305059,0.10531080901273526,0.09333166404394433,0.5313047911040485,-0.2728614625521004,0.08793444800539874,0.26754058350343257,-0.2625989275984466,2.1994093228131533
80,-0.28475340106524527,0.14187667437363416,0.12086094674305059,0.10531080901273526,0.09333166404394433,0.08381588218617253,0.525197115726769,-0.2735924085136503,0.08599558408604935,0.3740342593519017,2.1994093228131533
81,-0.28475340106524527,0.14187667437363416,0.12086094674305059,0.10531080901273526,0.09333166404394433,0.08381588218617253,0.0760719814861659,0.5201229522936046,0.32735589786898345,-0.33838582783937454,2.1994093228131533
82,-0.28475340106524527,0.14187667437363416,0.12086094674305059,0.10531080901273526,0.09333166404394433,0.08381588218617253,0.0760719814861659,0.06964567682007328,0.6512295638676733,-0.2514841405209154,2.1994093228131533
83,-0.28475340106524527,0.14187667437363416,0.12086094674305059,0.10531080901273526,0.09333166404394433,0.08381588218617253,-0.4119648046325892,0.35577475326135755,0.1837593133095652,0.40978472807910293,2.1994093228131533
84,-0.28475340106524527,0.14187667437363416,0.12086094674305059,0.10531080901273526,0.09333166404394433,0.08381588218617253,-0.4119648046325892,-0.13110377470729873,-0.4725665709702298,-0.296241995645687,2.1994093228131533
85,-0.28475340106524527,0.14187667437363416,0.12086094674305059,0.10531080901273526,0.09333166404394433,-0.40597582957707345,0.36941434419713914,0.18704671825980768,0.12667754100402817,-0.39075539726763964,2.1994093228131533
86,-0.28475340106524527,0.14187667437363416,0.12086094674305059,0.10531080901273526,0.09333166404394433,-0.40597582957707345,-0.11531165588530712,0.3541823086561635,-0.42767760739661753,-0.13616310380166396,2.1994093228131533
87,-0.28475340106524527,0.14187667437363416,0.12086094674305059,0.10531080901273526,0.09333166404394433,-0.40597582957707345,-0.11531165588530712,-0.1329321094090119,0.4201690126210451,-0.3642536059487611,2.1994093228131533
88,-0.28475340106524527,0.14187667437363416,0.12086094674305059,0.10531080901273526,-0.3984789061360061,0.38583012053277344,0.1908099206048064,0.12868627114221454,-0.26817892503459007,-0.28491884388495237,2.1994093228131533
89,-0.28475340106524527,0.14187667437363416,0.12086094674305059,0.10531080901273526,-0.3984789061360061,-0.09601552435196936,0.37562046525999904,0.18849360616877675,0.127652186434716,0.390893223695457,2.1994093228131533
90,-0.28475340106524527,0.14187667437363416,0.12086094674305059,0.10531080901273526,-0.3984789061360061,-0.09601552435196936,0.37562046525999904,-0.2952628053026274,0.3312769754556939,-0.08773752811248414,2.1994093228131533
91,-0.28475340106524527,0.14187667437363416,0.12086094674305059,0.10531080901273526,-0.3984789061360061,-0.09601552435196936,-0.10805192452971824,-0.12344060200848617,-0.5202149369288236,0.2194921073387377,2.1994093228131533
92,-0.28475340106524527,0.14187667437363416,0.12086094674305059,0.10531080901273526,-0.3984789061360061,-0.09601552435196936,-0.5136759891174734,-0.06612842177855782,-0.23480103275505826,-0.14948461891617626,2.1994093228131533
93,-0.28475340106524527,0.14187667437363416,0.12086094674305059,-0.38883404585067183,0.40597721573431045,0.19515830249292776,0.13060307886917144,0.0985366253007669,0.25276142777875066,-0.28294311207719147,2.1994093228131533
94,-0.28475340106524527,0.14187667437363416,0.12086094674305059,-0.38883404585067183,0.40597721573431045,-0.2902429695241153,0.03817351153702475,0.034937932243337855,0.3255397501634434,-0.12610928359208629,2.1994093228131533
95,-0.28475340106524527,0.14187667437363416,0.12086094674305059,-0.38883404585067183,-0.07195363196660765,0.4004647971596569,-0.2911300886189565,0.03540464470279403,0.03260664900881238,0.3478408365044743,2.1994093228131533
96,-0.28475340106524527,0.14187667437363416,0.12086094674305059,-0.38883404585067183,-0.07195363196660765,-0.07857540450640954,0.3938214158406481,0.19256919616600499,0.41227808431722224,-0.010639369360433193,2.1994093228131533
97,-0.28475340106524527,0.14187667437363416,0.12086094674305059,-0.38883404585067183,-0.07195363196660765,-0.07857540450640954,-0.08651830509188585,0.3856622319435701,-0.07420238899067044,-0.4478145253378898,2.1994093228131533
98,-0.28475340106524527,0.14187667437363416,0.12086094674305059,-0.38883404585067183,-0.07195363196660765,-0.07857540450640954,-0.08651830509188585,-0.09621435301960446,0.5823173609096557,-0.0801778668537736,2.1994093228131533
99,-0.28475340106524527,0.14187667437363416,0.12086094674305059,-0.38883404585067183,-0.07195363196660765,-0.5041455968748778,0.0148702519654762,0.014356728530401597,-0.33627316751517355,0.02773168183193775,2.1994093228131533
100,-0.28475340106524527,0.14187667437363416,-0.3759866188047454,0.43131183041259646,0.20023627922637388,0.132801829604432,0.0997688657080289,0.08003532452858053,-0.3473005067789927,0.13157307158689946,2.1994093228131533
101,-0.28475340106524527,0.14187667437363416,-0.3759866188047454,0.43131183041259646,-0.2863040720112622,0.050174810574389994,0.044710826958180405,0.04032702968106605,-0.3443381419638172,0.07306073998915963,2.1994093228131533
102,-0.28475340106524527,0.14187667437363416,-0.3759866188047454,-0.04119371940032579,0.4295870512723923,0.19990359409712255,0.13265906739979982,-0.3421358746709302,0.11521299704327248,-0.1546497970703058,2.1994093228131533
103,-0.28475340106524527,0.14187667437363416,-0.3759866188047454,-0.04119371940032579,-0.0433035173045937,0.4276752321748063,0.1995326693286188,0.13249968428863212,0.0996001836610958,0.3798440636601299,2.1994093228131533
104,-0.28475340106524527,0.14187667437363416,-0.3759866188047454,-0.04119371940032579,-0.0433035173045937,0.4276752321748063,-0.2868556120665744,0.04852229083189741,-0.34570132149383426,0.08614640508312732,2.1994093228131533
105,-0.28475340106524527,0.14187667437363416,-0.3759866188047454,-0.04119371940032579,-0.0433035173045937,-0.04563959999359213,0.42554432584438473,0.19911653990857303,0.41370163951069117,-0.022580450626264792,2.1994093228131533
106,-0.28475340106524527,0.14187667437363416,-0.3759866188047454,-0.04119371940032579,-0.0433035173045937,-0.04563959999359213,-0.04824022807588335,0.4231545433867723,-0.09935676422901452,-0.44848148128949106,2.1994093228131533
107,-0.28475340106524527,0.14187667437363416,-0.3759866188047454,-0.04119371940032579,-0.0433035173045937,-0.04563959999359213,-0.04824022807588335,-0.05115275812568143,0.5524259333033115,-0.28683820622973144,2.1994093228131533
108,-0.28475340106524527,0.14187667437363416,-0.3759866188047454,-0.04119371940032579,-0.0433035173045937,-0.04563959999359213,-0.4910867967410013,0.09378987192758359,0.25943961879238486,-0.2740850142436102,2.1994093228131533
109,-0.28475340106524527,0.14187667437363416,-0.3759866188047454,-0.04119371940032579,-0.0433035173045937,-0.48983006947673857,-0.34197668719571084,-0.17201062885578722,0.07785410125507042,-0.04412252259498928,2.1994093228131533
110,-0.28475340106524527,0.14187667437363416,-0.3759866188047454,-0.48763458617031574,0.11122133184107952,0.08718337444588542,0.07177323242649436,0.06103304463613313,-0.15477304108208045,-0.3278103790944442,2.1994093228131533
111,-0.28475340106524527,-0.3580732303671539,0.46417445654515177,-0.28152630862314254,0.06413035697187297,0.05543405390926637,0.048830183848622255,0.04364198823168408,0.039456799990148284,0.3515414607245475,2.1994093228131533
112,-0.28475340106524527,-0.3580732303671539,-0.0006273583542224515,0.46417407831177115,0.2062373439548537,0.13534648233326152,0.10118136828532442,0.08093552765785716,0.27697255613747984,-0.24802291567903012,2.1994093228131533
113,-0.28475340106524527,-0.3580732303671539,-0.0006273583542224515,0.46417407831177115,-0.28152636159211397,0.06413020574836992,0.05543394133565016,0.04883009658078663,0.314322896534577,-0.1680593520286493,2.1994093228131533
114,-0.28475340106524527,-0.3580732303671539,-0.0006273583542224515,-0.0006278290391037444,0.4641736993798986,0.2062372785876505,-0.32833713886793703,-0.110287606716156,-0.14225654653273523,0.18201782746473327,2.1994093228131533
115,-0.28475340106524527,-0.3580732303671539,-0.0006273583542224515,-0.0006278290391037444,-0.0006283003349381033,0.4641733202151954,0.20623721275478601,0.13534642732702196,-0.341717995936051,0.19556632672902197,2.1994093228131533
116,-0.28475340106524527,-0.3580732303671539,-0.0006273583542224515,-0.0006278290391037444,-0.0006283003349381033,0.4641733202151954,-0.2815264674136415,0.0641299033886753,-0.16115874651586637,-0.3263860937440768,2.1994093228131533
117,-0.28475340106524527,-0.3580732303671539,-0.0006273583542224515,-0.0006278290391037444,-0.0006283003349381033,-0.0006287722412707808,0.464172940235585,-0.2815265206154436,0.06412975146668032,0.36400545423384756,2.1994093228131533
118,-0.28475340106524527,-0.3580732303671539,-0.0006273583542224515,-0.0006278290391037444,-0.0006283003349381033,-0.0006287722412707808,-0.0006292447585565242,0.4641725594410673,0.3465762162813917,-0.30944250081665814,2.1994093228131533
119,-0.28475340106524527,-0.3580732303671539,-0.0006273583542224515,-0.0006278290391037444,-0.0006283003349381033,-0.0006287722412707808,-0.0006292447585565242,-0.465062688337639,0.20495420834049582,0.4159764036303386,2.1994093228131533
120,-0.28475340106524527,-0.3580732303671539,-0.0006273583542224515,-0.0006278290391037444,-0.0006283003349381033,-0.0006287722412707808,-0.4650623998604715,0.20495523954741657,0.10318072655354626,-0.40297685691621155,2.1994093228131533
121,-0.28475340106524527,-0.3580732303671539,-0.0006273583542224515,-0.0006278290391037444,-0.0006283003349381033,-0.4650621125474572,0.20495626900810748,0.13480808160966262,-0.2761311352951452,-0.2803840721026063,2.1994093228131533
122,-0.28475340106524527,-0.3580732303671539,-0.46506125177256763,0.20495934860082343,0.13480937894200906,0.1008844348252751,0.08074673099326901,0.06737365838489495,0.2941855831304565,-0.21698371251113713,2.1994093228131533
123,0.3653325487393886,0.13778603333048522,0.1990575615200214,0.579025817103684,0.3593912422657013,0.22297013853676617,0.1632146846386604,0.01281860054587014,-0.3819782405626029,0.15926108037820086,2.1994093228131533
124,0.27287229627836496,0.16725015849806368,0.10477457966771908,0.7159548054914922,0.2945600838866085,0.1923758890479803,0.14393991604447365,0.11533976421924308,-0.3612266118871048,0.15599441662197933,2.1994093228131533
125,0.27068406355101615,0.21226610499434173,0.1747907965327613,0.14866080338833854,0.1293812959920615,0.11456063509103842,0.10280697915004566,0.6406486062332988,-0.3334720057900995,0.46794616454280913,2.1994093228131533
126,0.2706840639002621,0.21226610522717237,0.17479079676559195,0.14866080356296152,0.12938129616668448,-0.4851385352667421,0.47168236621655524,-0.35761235654354095,-0.10275431780610234,-0.4098933315835893,2.1994093228131533
127,0.15260868659242988,0.17648580099921674,0.15461214975221083,0.13502036401769146,0.11925753433024511,-0.37826116452924907,-0.2290011412696913,-0.673232036177069,0.09329238964710385,-0.3500973687041551,2.1994093228131533
128,0.17216686892788857,0.20648235775297508,0.18170858325902373,-0.08209831162821501,0.0701303465757519,-0.45518352382350713,-0.13577585911843926,-0.5734315998852253,0.3763415433932096,-0.1124996044090949,2.1994093228131533
129,0.2518152572447434,0.22302612365456298,0.03572587645612657,0.124925948708551,0.10959700180683285,-0.5855385293252766,-0.19426096638198942,-0.5469492604024708,0.08117186615709215,-0.24965889909071848,2.1994093228131533
130,0.33177004463505,0.13635123305721208,0.18676202767528594,0.15945473709143698,0.13937263330444694,-0.455257301684469,-0.20936719223391265,-0.5337815009988844,0.2050902033224702,-0.36200480512343347,2.1994093228131533
131,0.34432029095478356,0.11621557071339339,0.04947757034096867,0.0997217287949752,0.06919218800612725,-0.5557064656168222,-0.07680062259896658,-0.5904172374866903,0.2329274615040049,-0.1632924895384349,2.1994093228131533
132,0.1994591280235909,0.22367975470842794,0.18473137426190078,0.15750651573762298,0.13735451531829312,-0.43169831624254584,-0.18365361774340272,-0.6018484190572053,0.27359825174789876,-0.32820562401320785,2.1994093228131533
133,0.18048011895734817,0.22525212599430233,0.18689621589146554,0.05074883415363729,0.10301993947359733,-0.4676459793699905,-0.12675807817140594,-0.6928227965254337,0.1882210139883682,-0.19782746711280197,2.1994093228131533
134,0.2616415948141366,0.1589972097426653,0.18265804555267096,0.2411596633028239,0.1721767991548404,-0.4456418009940535,-0.08982877421658486,-0.5951878714840859,0.26332090073265135,-0.29577753448393196,2.1994093228131533
135,0.29449839354492724,0.1773871498880908,0.11200702507630922,0.19594086660072207,0.1621483977069147,-0.4611526026856154,-0.09523698635166511,-0.6097016062121838,0.2675812396919355,-0.2795037229079753,2.1994093228131533
136,0.26180289045441896,0.0892576627084054,0.16443399508716539,-0.5350762049201876,0.557140250923112,-0.2742089400999248,0.08448504045372829,-0.04496704917983152,-0.34360566444229335,0.040336793957976624,2.1994093228131533
137,0.3203200917923823,0.1894907823880203,0.12064261120394804,-0.41935224225744605,0.5770586065482348,-0.33089125575497746,0.08604906650725752,0.07564497069688514,-0.3753108321689069,0.11499029197148047,2.1994093228131533
138,0.2706840636674315,0.2122661050525494,0.17479079659096897,-0.45723285630811006,-0.047621601610444486,-0.04992991156177595,0.5239450908266008,-0.3492963726166636,0.3740151119418442,-0.2300095217069611,2.1994093228131533
139,0.12682774622226134,0.17570667411200702,0.15714724722784013,-0.5471533520612866,-0.07748824404552579,0.11395522556267679,0.021779428090667352,-0.1914326623082161,-0.5393987372517586,0.37065237923525274,2.1994093228131533
140,0.24777212616754696,0.021901947737205774,0.1642953513073735,-0.4133219688665122,-0.0344980631780345,0.15649447473697364,0.03272754361387342,-0.00028784095775336027,-0.514281780924648,0.5451303753070533,2.1994093228131533
141,0.263395483372733,0.2612980199046433,0.212332965049427,-0.332190427929163,-0.09796811948763207,-0.024417677079327404,-0.03148378613695968,-0.12448677638894878,-0.6096496393438429,0.48215871409047395,2.1994093228131533
142,0.2348138493252918,0.24631363135995343,0.0987642208347097,-0.3487524311058223,-0.10122016968671232,-0.03460018975601997,-0.038692012618412264,-0.042695164505857974,-0.6489412076771259,0.49256943515501916,2.1994093228131533
143,0.3372172067174688,0.1974111163872294,0.12629353697411716,-0.42462247144430876,-0.01301221844914835,-0.02355161112791393,-0.031289353501051664,-0.0377315081859706,-0.5664153764955699,0.5154822519980371,2.1994093228131533
144,0.2706840637838468,0.21226610522717237,-0.43491353816352785,0.5686511264648288,0.251896332250908,0.16519609943497926,-0.4165376042947173,-0.20885828364407644,0.07787342485971749,-0.08513276625308208,2.1994093228131533
145,0.20095635048346594,0.19918657944072038,-0.5023303776979446,-0.013263527336675907,0.47375677118543535,-0.4445269179996103,-0.02575295473798178,0.07341324229491875,-0.06128194657503627,0.35536206839606166,2.1994093228131533
146,0.2755233090138063,0.25933398969937116,-0.39672989735845476,0.032387232306064107,0.5913947974331677,-0.3189924458274618,0.007097226625774056,0.048306134063750505,0.14218196022557095,0.39596850564703345,2.1994093228131533
147,0.24937652877997607,0.156236779759638,-0.48795232782140374,0.043994671359541826,0.5735557007137686,-0.3074272002559155,0.09342275647213683,0.08024208340793848,0.1107307474303525,0.40134622587356716,2.1994093228131533
148,0.35666550195310265,0.13372345169773325,-0.4111430924385786,-0.10652123429463245,-0.47432489274069667,0.3056906557176262,-0.36267284397035837,-0.21726408263202757,-0.05853112356271595,-0.27969721518456936,2.1994093228131533
149,0.27989156311377883,0.17054036143235862,-0.49545841687358916,0.047838208731263876,-0.527147046290338,0.27827769820578396,-0.37488699285313487,-0.11050779576180503,-0.045751414145343006,-0.270660605863668,2.1994093228131533
150,0.30134226311929524,-0.337116559734568,0.10563367942813784,0.47489488509017974,-0.463379860855639,0.12489429998095147,0.10220791882602498,-0.03629587552859448,-0.21090170554816723,-0.4089992225635797,2.1994093228131533
151,0.3558480010833591,-0.4776601630728692,0.093620766478125,0.5078199575655162,-0.24624748778296635,0.14694474003044888,0.11628331374959089,-0.019308511196868494,-0.13671594380866736,-0.4099399836268276,2.1994093228131533
152,0.2993826987221837,-0.3547206027433276,0.1140371692890767,0.5712249889038503,-0.34616187459323555,0.18482275295536965,0.12773277767701074,0.01507130396203138,-0.20201070240000263,-0.4067871554289013,2.1994093228131533
153,0.2456650222884491,-0.4322249094257131,-0.0025256970257032663,0.6335560493171215,-0.2934180798474699,0.11493956155027263,0.09542943179258145,0.08165444087353535,-0.11938604357419536,-0.4008915877202526,2.1994093228131533
154,0.2759918535593897,-0.4684237034525722,0.07472534259431995,-0.05737743090139702,0.13831567094894126,0.6070280559360981,-0.2804011134430766,-0.005892521556233987,-0.35088291636202484,0.10217293782625347,2.1994093228131533
155,0.2729080147109926,-0.4353759353980422,0.003920492832548916,0.11028970428742468,0.09224999128491618,0.6258758162148297,-0.3116309898905456,0.11030666730948724,-0.3613671080674976,0.1493569992017001,2.1994093228131533
156,0.2706840637838468,-0.4016307966085151,0.07204113976331428,0.06723586330190301,0.06303434114670381,0.05932922731153667,0.05603724216052797,0.053092777088750154,0.4520090314326808,-0.6999765494838357,2.1994093228131533
157,0.1701842678594403,-0.456185603979975,0.049689334133290686,-0.0772025772894267,0.12163325370056555,0.08277662051841617,0.06775815837318078,-0.7784352786839008,0.11427737481426448,-0.11638037380180322,2.1994093228131533
158,0.2634041355922818,-0.43427668150980026,0.001671701087616384,0.1085089645057451,0.09075153851881623,0.08025244023883715,0.07283528792322613,-0.7900253026746213,0.15073388727614656,-0.04493314542924054,2.1994093228131533
159,0.2706840637838468,-0.4016307966085151,0.07204113976331428,0.06723586330190301,0.06303434114670381,0.05932922731153667,-0.5293407132849097,-0.2348599453107454,-0.6039659976959229,0.01013106952450471,2.1994093228131533
160,0.2706840639002621,-0.4016307966085151,0.07204113973421045,0.06723586330190301,-0.5243263237643987,0.37926327297464013,0.20951344212517142,0.14622872730251402,-0.31239251571241766,-0.35511280421633273,2.1994093228131533
161,0.1844714665785432,-0.4578381145838648,0.05306994644342922,-0.5642509863246232,0.39361143205314875,-0.27479575644247234,0.008406117318372708,-0.11466105363797396,-0.28850134927779436,-0.11209667817456648,2.1994093228131533
162,0.30759445775765926,-0.4393878987757489,0.012127938884077594,-0.480369022116065,0.42661496554501355,-0.3520839692791924,0.003740799831575714,-0.0001261858778889291,-0.3364297612570226,-0.029595722517115064,2.1994093228131533
163,0.3124842057004571,-0.4726445449050516,-0.4793093022890389,0.2632228274596855,0.28832288179546595,0.18736987956799567,0.14044691767776385,-0.0036128695937804878,-0.3636760173831135,0.1183264042774681,2.1994093228131533
164,0.21930052916286513,-0.4291754938894883,-0.5576524494681507,0.4063232585322112,0.2245183096965775,0.15715348231606185,0.12134583829902112,0.09899470437085256,-0.3426676421659067,0.11491376970661804,2.1994093228131533
165,0.171519216906745,-0.3215294452384114,-0.41248078364878893,-0.34580996504519135,-0.24408021639101207,0.397258845041506,-0.2652323511429131,-0.23107575543690473,-0.1637982520624064,0.25492470315657556,2.1994093228131533
166,0.10385831486200914,-0.5264502896461636,-0.4263400670606643,-0.16864493011962622,-0.1988024925813079,0.41322284494526684,-0.2371803083224222,-0.03850529342889786,-0.07001833597314544,0.2775693158619106,2.1994093228131533
167,0.28034786880016327,-0.3543431335128844,-0.4854786570649594,-0.07840507879154757,-0.30037336458917707,0.31528276309836656,-0.37758125411346555,-0.1724771048175171,-0.13863878970732912,0.3110732389613986,2.1994093228131533
168,0.21358098549535498,-0.34619603713508695,-0.5655305644031614,-0.10010336356936023,-0.29224747605621815,0.2815115973353386,-0.3627271349541843,-0.08781323995208368,-0.18978723441250622,0.3007155223749578,2.1994093228131533
169,0.2507859579054639,-0.43281721603125334,-0.5678803171031177,-0.15266427118331194,-0.20978464948711917,0.29427672119345516,-0.3605494287330657,-0.08390385523671284,-0.06810107323690318,0.2651702221482992,2.1994093228131533
170,0.21272789826616645,-0.3268053284846246,-0.5769525500945747,-0.18918950238730758,-0.22555757511872798,-0.4237621850334108,0.037194526637904346,-0.3469164047855884,0.042968849651515484,-0.12632253498304635,2.1994093228131533
171,0.3055961783975363,-0.35521715111099184,-0.4889624579809606,-0.17365648492705077,-0.22540538699831814,-0.2983964078593999,0.08388388526509516,-0.446816299459897,0.2672751605277881,-0.1604086275328882,2.1994093228131533
172,0.23203999432735145,-0.4306489877635613,-0.56179079413414,-0.1513687779661268,-0.2071941461181268,-0.2774158366955817,0.15760627313284203,-0.3812364381738007,0.22090748051414266,-0.14806540083372965,2.1994093228131533
173,-0.34712714911438525,0.17295402032323182,0.1473349070874974,0.12837859278079122,0.11377547853044234,0.6476843359414488,0.26421135279815644,0.17025527404621243,-0.3440292641753331,-0.33738687238655984,2.1994093228131533
174,-0.34712714911438525,0.17295402032323182,0.1473349070874974,0.12837859278079122,0.11377547853044234,0.10217531427042559,0.0927351524878759,0.6340531737077981,0.39906150090973824,-0.4125074794283137,2.1994093228131533
175,-0.23126061900984496,0.12331314067705534,0.18935894180322066,0.035007608705200255,-0.4199117061216384,-0.06931878588511609,0.5245279441587627,0.15818145230878145,0.21109990414697677,0.5221927328966558,2.1994093228131533
176,-0.3258772287517786,0.1367391594685614,0.08359768937225454,0.1749027063488029,-0.45330677134916186,-0.09215545636834577,0.4779342208057642,0.24683197570266202,0.2108079546596855,0.47788703709375113,2.1994093228131533
177,-0.33972749090753496,0.009725593030452728,0.10816911797155626,-0.5168787068687379,0.46932188142091036,0.22580737504176795,0.149954438325949,-0.004007178242318332,0.281341262627393,-0.3701613584998995,2.1994093228131533
178,-0.33348553115502,0.12877167237456888,0.07790270904661156,-0.42110324557870626,0.5163297769613564,0.25693045963998884,0.17533058242406696,0.13400231982814148,0.35683262639213353,-0.34465596673544496,2.1994093228131533
179,-0.34712714923080057,0.17295402032323182,0.14733490714570507,-0.47400611685588956,-0.08771469999919645,-0.6145760619547218,0.018127503150026314,0.017501495080068707,-0.4099320520181209,0.033806162187829614,2.1994093228131533
180,-0.34712714911438525,0.17295402032323182,-0.4583445276366547,0.5257884385064244,-0.34901748644188046,0.061165341292507946,0.05450450052740052,0.0491604552953504,-0.4197636169847101,0.08906431423383765,2.1994093228131533
181,-0.3471271493472159,0.17295402038143948,-0.45834452775307,-0.050216988907777704,-0.05278892707428895,-0.05563671648269519,-0.058806998596992344,-0.062357503149542026,0.6734319545794278,-0.3496686202706769,2.1994093228131533
182,-0.3471271493472159,0.17295402038143948,-0.45834452775307,-0.050216988907777704,-0.05278892707428895,-0.5971247931011021,-0.4168848979752511,-0.20968866057228297,0.09490763634676114,-0.05378733116958756,2.1994093228131533
183,-0.23709892347687855,-0.3877492200117558,0.5072000254876912,-0.3532728888094425,0.09217741107568145,-0.062111751904012635,-0.01518446917179972,0.08464989584172145,-0.04990649572573602,0.529008696321398,2.1994093228131533
184,-0.3334912920836359,-0.3886070435401052,0.6096462265122682,-0.3148764439392835,0.10567140468629077,0.09159932908369228,-0.010756902571301907,0.034778895511408336,0.131608143215999,0.4015655913390219,2.1994093228131533
185,-0.3148573683574796,-0.4763791450532153,0.5207966137677431,-0.30185733002144843,0.11493719762074761,0.09625553217483684,0.0831403314950876,0.07331495906691998,0.10600903822341934,0.4518801807425916,2.1994093228131533
186,-0.3147806904744357,-0.4922284747008234,-0.0014812608951615402,-0.1266896411543712,0.0742907073290553,0.5285760799888521,-0.2719972444465384,-0.02976965394918807,-0.1348577403696254,-0.4109804118052125,2.1994093228131533
187,-0.34545480634551495,-0.46532016375567764,-0.07237558296765201,0.03999856498558074,0.026824008622497786,0.5609244015067816,-0.31048417114652693,0.08890310156857595,-0.134732598264236,-0.39762187632732093,2.1994093228131533
188,0.15797621465753764,0.19102806551381946,0.16827570786699653,0.14728183730039746,0.13024671282619238,-0.32920860953163356,-0.20839916105614975,-0.722741030389443,0.07425870656152256,-0.3891823545563966,2.1994093228131533
189,0.1638573336531408,0.19321373681304976,0.16967899416340515,0.14832494861911982,0.1310799097409472,-0.4304765877313912,-0.2455673991353251,-0.664206225425005,0.058217405050527304,-0.38151966966688633,2.1994093228131533
190,0.163268830627203,0.19281052885344252,0.1693564977031201,0.10538994491798803,0.15890861180378124,-0.37771263741888106,-0.2262193956412375,-0.6901091737672687,0.11839898402104154,-0.3951802382944152,2.1994093228131533
191,0.17836953047662973,0.1982473399839364,0.17278671154053882,0.11477059248136356,0.09014658839441836,-0.38812851707916707,-0.23250460508279502,-0.6992926765233278,0.0854972621309571,-0.3883531370665878,2.1994093228131533
192,0.15493368217721581,0.18933461961569265,0.12495273380773142,0.13617191556841135,0.12062275744392537,-0.39390664536040276,-0.2379896983038634,-0.6973756963852793,0.1508756925468333,-0.3746146543417126,2.1994093228131533
193,0.16527983569540083,0.1543069879990071,0.1975672262487933,0.117388921440579,0.1287795240059495,-0.3891227828571573,-0.2341135392198339,-0.6961613504681736,0.1204160155612044,-0.38276152091566473,2.1994093228131533
194,0.14334669633535668,0.13054304075194523,0.1554671511403285,0.1372878803522326,0.12213480190257542,-0.3855984606780112,-0.22957996121840551,-0.7348404177464545,0.12645943742245436,-0.32849219162017107,2.1994093228131533
195,0.19387621019268408,0.16596584778744727,0.17247609805781394,0.1112612474244088,0.15456749172881246,-0.3923154204385355,-0.22965022997232154,-0.7083411377388984,0.07621542122797109,-0.3541763366665691,2.1994093228131533
196,0.17470298596890643,0.16792524931952357,0.13942112837685272,0.1329558021388948,0.11427791567984968,-0.409196452354081,-0.23440089280484244,-0.701099572237581,0.11091413025860675,-0.3809400360332802,2.1994093228131533
197,0.1457406670670025,0.1945476747932844,0.16983243176946416,0.14815890230238438,0.13081509195035324,-0.3594236526405439,-0.22574795607943088,-0.72229357319884,0.11167900532018393,-0.36901446047704667,2.1994093228131533
198,0.1459101313375868,0.1921317299711518,0.16805315722012892,0.14671419194201007,0.12958694418193772,-0.413209832389839,-0.24705343751702458,-0.6854686811566353,0.11507098577567376,-0.3766854350687936,2.1994093228131533
199,0.1422457291628234,0.1907002970110625,0.1670159527566284,0.11967144021764398,0.14548239664873108,-0.4060241795377806,-0.2385766027146019,-0.6990893704351038,0.11161065025953576,-0.3714777863351628,2.1994093228131533
200,0.15918838058132678,0.19776938820723444,0.14700197981437668,0.1424126757774502,0.14901784772519022,-0.3857920221053064,-0.2347600010689348,-0.7039872244931757,0.11052766931243241,-0.37632841954473406,2.1994093228131533
201,0.1642044009640813,0.19903509400319308,0.14988736604573205,0.14364551880862564,0.10576603206573054,-0.3919441890902817,-0.23820844112196937,-0.7081290842033923,0.11185686031240039,-0.3717950680293143,2.1994093228131533
202,0.15807805536314845,0.17285544477635995,0.1645362091367133,0.1433410295867361,0.12643807142740116,-0.39189970516599715,-0.22046792437322438,-0.717635128647089,0.0874392737459857,-0.37489317217841744,2.1994093228131533
203,0.16557920118793845,0.1769553009653464,0.14686871110461652,0.1547237304621376,0.13436599232954904,-0.39191284612752497,-0.2386378244846128,-0.7082392387092113,0.11117398820351809,-0.37057804432697594,2.1994093228131533
204,0.18853557610418648,0.16380016028415412,0.19228526763617992,-0.14797554694814608,0.11174053070135415,-0.45067421381827444,-0.12675364536698908,-0.6412504748441279,0.41145878250245005,-0.13739257684210315,2.1994093228131533
205,0.19606491981539875,0.21048552176216617,0.1715502114384435,-0.07539021901902743,0.08941652596695349,-0.4866333771497011,-0.1402413250762038,-0.6188840684480965,0.44050289143342525,-0.11754150936030783,2.1994093228131533
206,0.3460311742965132,0.14000252966070548,0.19429965974995866,0.16590279468800873,0.14502078748773783,-0.47233931871596724,-0.2195777336601168,-0.5525664745364338,0.21293587080435827,-0.37786428292747587,2.1994093228131533
207,0.38264308706857264,0.13962551788426936,0.06690408615395427,0.1165682002902031,0.04654269266757183,-0.5577133356127888,-0.06779740485944785,-0.6178238184656948,0.2268528421409428,-0.19598638429306448,2.1994093228131533
208,0.38292213424574584,0.1509758509346284,0.018552978392108344,0.10964725751546212,0.07821441264241003,-0.5298920902423561,-0.1194237195304595,-0.62396549875848,0.2527419023681432,-0.14237483363831416,2.1994093228131533
209,0.3524049693951383,0.06963705105590634,0.06106957323208917,0.10883734197705053,0.07866948502487503,-0.5629418680910021,-0.07765936153009534,-0.6055242500733584,0.3057956772390753,-0.12552607513498515,2.1994093228131533
210,0.34667115844786167,0.159732376516331,0.06728052179096267,0.1147632701904513,0.08022898089257069,-0.581704376032576,-0.0771099433186464,-0.6207171622663736,0.22461914003361017,-0.16667930188123137,2.1994093228131533
211,0.3506177900126204,0.12975663819815964,0.05776757438434288,0.11010541010182351,0.050337370921624824,-0.585691551445052,-0.05854872320196591,-0.631470377324149,0.2252732923370786,-0.16316866228589788,2.1994093228131533
212,0.34746106702368706,0.12365019600838423,0.030030119000002742,0.09965710077085532,0.06756134596071206,-0.578012727200985,-0.07983653340488672,-0.6302055877167732,0.2520303298952058,-0.17667787114623934,2.1994093228131533
213,0.3691752536688,0.11070501140784472,0.03246928488078993,0.11686348653165624,0.08062849947600625,-0.5777778367046267,-0.0743611432844773,-0.6146172774024308,0.2602324051549658,-0.16874677169835195,2.1994093228131533
214,0.2044872386031784,0.23093463096302003,0.19073209661291912,0.16262943227775395,0.14182657591300085,-0.4443639850942418,-0.19065166707150638,-0.6204036267008632,0.2833212779369205,-0.33937763271387666,2.1994093228131533
215,0.18845462246099487,0.20933713344857097,0.19245311035774648,0.026617344861733727,0.12147033482324332,-0.4687586110085249,-0.12358388118445873,-0.7273068386130035,0.19989996060030535,-0.21101843006908894,2.1994093228131533
216,0.19119333126582205,0.22823977953521535,0.18320830428274348,0.06035570516542066,0.11292083459557034,-0.4821925377473235,-0.12837532866979018,-0.7189997511450201,0.20586494985036552,-0.20457123301457614,2.1994093228131533
217,0.29188714048359543,0.18754721654113382,0.12287276395363733,0.20386670209700242,0.12996925885090604,-0.4814049503766,-0.10690326953772455,-0.6334456864278764,0.26202648924663663,-0.2533875124063343,2.1994093228131533
218,0.29369221441447735,0.1839489986305125,0.08966893650358543,0.19541635166388005,0.16190250287763774,-0.4963546443032101,-0.1143639525398612,-0.6153603566344827,0.27313687140122056,-0.2721089256228879,2.1994093228131533
219,0.3120004599913955,0.1694277233327739,0.11754421758814715,0.18418436468346044,0.17882652662228793,-0.4656928783515468,-0.09275222916039638,-0.6211512992158532,0.2845280341571197,-0.2963774054078385,2.1994093228131533
220,0.2994488262338564,0.18691550038056448,0.11836267737089656,0.20503790822112933,0.16973604826489463,-0.46982246078550816,-0.10785642356495373,-0.6280421717092395,0.2628798014484346,-0.2917641520034522,2.1994093228131533
221,0.3085922042373568,0.19126102363225073,0.10794993423041888,0.20341265841852874,0.16798464610474184,-0.47603482962585986,-0.08557096193544567,-0.623145887395367,0.268078918219544,-0.28820573166012764,2.1994093228131533
222,0.3064296506345272,0.17633645504247397,0.10452250333037227,0.20913979917531833,0.1720068656723015,-0.4695812390418723,-0.09442211309215054,-0.6234817928634584,0.28415608510840684,-0.2866782178170979,2.1994093228131533
223,0.2735255938023329,0.09017920921905898,0.1716743492288515,-0.5614955895580351,0.5833208623807877,-0.284816388390027,0.08891472063260153,-0.04958843925851397,-0.35731029068119824,0.040677477460121736,2.1994093228131533
224,0.3284942100290209,0.1767693220754154,0.12332223990233615,-0.44471410859841853,0.599087224341929,-0.32996910717338324,0.09193876618519425,0.06246146761986893,-0.37561017740517855,0.10945962354890071,2.1994093228131533
225,0.3372692270204425,0.19079216185491532,0.11483622537343763,-0.4243278157664463,0.600853692740202,-0.3368393083801493,0.09237544581992552,0.08109754041652195,-0.3778170798905194,0.12078847581869923,2.1994093228131533
226,0.2766661940841004,0.21695719589479268,0.17865368135971949,-0.4673377238214016,-0.048674041230697185,-0.05103336492902599,0.5355243016965687,-0.35701583873014897,0.3822808633558452,-0.23509274289244786,2.1994093228131533
227,0.1516266295220703,0.1409794909413904,0.16808991349535063,-0.6164952190592885,-0.043557359676924534,0.13724078593077138,0.03601386114314664,-0.2384176779887639,-0.5401622843928635,0.3688173785340041,2.1994093228131533
228,0.15670451964251697,0.18363675742875785,0.15241130313370377,-0.5808993799146265,-0.07228445733198896,0.13552180619444698,0.032385430080466904,-0.20335044711828232,-0.5695513568352908,0.41168920940253884,2.1994093228131533
229,0.265534769045189,0.015475617205083836,0.17627302667824551,-0.44271118962205946,-0.036549456883221865,0.1770922391442582,0.038819646826596,0.0020254553928680252,-0.5495951124466956,0.5893408854026347,2.1994093228131533
230,0.34791093913372606,0.2028088690713048,0.12912166735623032,-0.43622224836144596,-0.012828910585085396,-0.023801137220289093,-0.0318430716288276,-0.03852731882943772,-0.5820721257477999,0.5308524102438241,2.1994093228131533
231,0.37514968146570027,0.13781436462886631,-0.4293010060209781,-0.11418346391292289,-0.4936571784783155,0.32088190561626107,-0.378295904956758,-0.22945706313475966,-0.0600992754480103,-0.29269694013055414,2.1994093228131533
232,0.2996772234328091,-0.4792654069606215,0.053631022907211445,-0.05877099608187564,0.1433466062298976,0.6044079337734729,-0.31313616258557886,-1.727487142488826e-05,-0.39170598646160215,0.11391493451083079,2.1994093228131533
233,0.2904934111284092,-0.4795188669813797,0.08680287617607974,-0.05430362845072523,0.15153310453752056,0.6404703839216381,-0.30979548778850585,-0.011869097670569317,-0.34704252472147346,0.09774765226757154,2.1994093228131533
234,0.28928597806952894,-0.49899783730506897,0.061928872935823165,-0.05156952317338437,0.15276134322630242,0.6377085738349706,-0.28644629812333733,-0.0042549709796730895,-0.3511219711508602,0.10389540146570653,2.1994093228131533
235,0.28643233608454466,-0.44095561106223613,0.009625148035411257,0.0971164069196675,0.0741823417483829,0.6472976410295814,-0.3168185711838305,0.09871257730992511,-0.3772059886250645,0.14935683296062052,2.1994093228131533
236,0.2822160328505561,-0.4588808729313314,0.005085513001176878,0.09424086759099737,0.10639090847689658,0.644253718201071,-0.31294840876944363,0.09800254186848179,-0.36210717912763357,0.14549609157256782,2.1994093228131533
237,0.27740878995973617,-0.441363355377689,0.007804060758644482,0.10382154688704759,0.09366315967054106,0.6538672542665154,-0.3137311431346461,0.10469811232178472,-0.37323714909143746,0.15019841532921419,2.1994093228131533
238,0.2806436571991071,-0.4527701676124707,-0.0073734743946261005,0.12047039504977874,0.09962817118503153,0.6447817706502974,-0.3158282901858911,0.11567338326130994,-0.3607354408595711,0.15188408934045583,2.1994093228131533
239,0.2766661940841004,-0.41050685581285506,0.07363325226469897,0.06872177898185328,0.06442740300553851,0.06064040596538689,0.05727566780115012,0.054266129911411554,0.46199845196679235,-0.7154460635501891,2.1994093228131533
240,0.1753767152549699,-0.47840703511610627,0.05138458590954542,-0.0844285783241503,0.1286872635828331,0.08715602790471166,0.07115147646982223,-0.812693202868104,0.11986743769375607,-0.12375483516370878,2.1994093228131533
241,0.2708073491230607,-0.44719814299605787,0.0005913948939451075,0.11226839493610896,0.0937867101165466,0.08287896509864368,0.07518393389182165,-0.8119682038668543,0.15585532638942823,-0.04636036632291507,2.1994093228131533
242,0.3063285930547863,-0.442062187124975,-0.007620521646458656,-0.48791456408798695,0.42977581615559757,-0.37850530387368053,-0.010036945343017578,0.0021685315050490317,-0.3567006428493187,-0.03253558051073924,2.1994093228131533
243,0.32458280539140105,-0.44598056748509407,0.019118586162221618,-0.49214797327294946,0.44623041641898453,-0.3607118602376431,-0.0063566553817508975,-0.0026610424774844432,-0.3357342481613159,-0.033282958989730105,2.1994093228131533
244,0.32207064621616155,-0.4575617677764967,0.0024289076463901438,-0.48648411920294166,0.44472673221025616,-0.358128302032128,0.0073778572550509125,0.0028614013535843696,-0.3370643089292571,-0.029111230753187556,2.1994093228131533
245,0.2905685240402818,-0.3660665266215801,-0.5021934777032584,-0.0787234760937281,-0.3121728375554085,0.32718831952661276,-0.3907654834911227,-0.18004780978662893,-0.14384772186167538,0.3225845667766407,2.1994093228131533
246,0.21991267311386764,-0.357186266570352,-0.586193022551015,-0.1015957623894792,-0.30331306252628565,0.29128380212932825,-0.37477682007011026,-0.09058558262768202,-0.19765352935064584,0.31137851369567215,2.1994093228131533
247,0.25762666447553784,-0.4456736156716943,-0.5848961682058871,-0.15622883581090719,-0.21516511461231858,0.3028437983011827,-0.3703143623424694,-0.08599859059904702,-0.06911455144290812,0.27231272542849183,2.1994093228131533
248,0.16281982086366042,0.1820687660947442,0.1709718036581762,0.1356248646043241,0.1404867337550968,-0.3271799134090543,-0.20694955688668415,-0.7403029447887093,0.07908133382443339,-0.3977611657464877,2.1994093228131533
249,0.16411893820622936,0.19184833287727088,0.1658376173581928,0.15506979683414102,0.13624713837634772,-0.3321414835518226,-0.20999484125059098,-0.7360336100682616,0.08077045760001056,-0.39685644896235317,2.1994093228131533
250,0.180934201576747,0.20091271441197023,0.17508843151153997,0.11542859332985245,0.09030760126188397,-0.3924647143576294,-0.23503729508956894,-0.7073283852078021,0.08618384751025587,-0.39345658337697387,2.1994093228131533
251,0.1614767849096097,0.19552769308211282,0.13047212839592248,0.1407816139399074,0.11454760711058043,-0.3916869160020724,-0.23770899581722915,-0.7055592909455299,0.146478183043655,-0.38623739359900355,2.1994093228131533
252,0.16474790091160685,0.1979350534384139,0.11812084712437354,0.13901117554632947,0.12312959198607132,-0.3854435837129131,-0.25212789711076766,-0.7085318784229457,0.15071705961599946,-0.36895939765963703,2.1994093228131533
253,0.16226734302472323,0.1785013535991311,0.13125989719992504,0.14003187842899933,0.12416853578179143,-0.3984225500607863,-0.24024938204092905,-0.7068534649442881,0.16644953924696892,-0.36424249364063144,2.1994093228131533
254,0.15068827976938337,0.20157914061564952,0.1302835089736618,0.14026941894553602,0.1238997642940376,-0.3977319033583626,-0.24000219610752538,-0.7055753751192242,0.14657965616788715,-0.37839538720436394,2.1994093228131533
255,0.1533644474693574,0.19394537538755685,0.12764934060396627,0.13932090980233625,0.11648246471304446,-0.3999278862029314,-0.23549378459574655,-0.709805334219709,0.14892951090587303,-0.3783213122515008,2.1994093228131533
256,0.1528353241737932,0.1931146281422116,0.11924001557053998,0.13644621963612735,0.12076909447205253,-0.39690375223290175,-0.2400395036675036,-0.7083842295687646,0.15742625639541075,-0.381019170046784,2.1994093228131533
257,0.16036484081996605,0.18989689811132848,0.1217551939189434,0.1420139953843318,0.12506750237662345,-0.3975422331131995,-0.2397253568051383,-0.7060409223195165,0.15810548124136403,-0.37919488979969174,2.1994093228131533
258,0.16668440238572657,0.15728584054159,0.20094602083554491,0.10968750141910277,0.11908741822117008,-0.38974060374312103,-0.2341820586589165,-0.7081916779279709,0.11824954039184377,-0.38890683790668845,2.1994093228131533
259,0.16914078185800463,0.14753627887694165,0.19968138652620837,0.10869610929512419,0.13602650305256248,-0.38797080144286156,-0.23312233126489446,-0.7077218177728355,0.12428968379390426,-0.3881512002553791,2.1994093228131533
260,0.16658104222733527,0.15850426082033664,0.20258808427024633,0.11381294592865743,0.12975570285925642,-0.3878724331734702,-0.2338622667011805,-0.7078841347247362,0.12071557139279321,-0.38837414549198,2.1994093228131533
261,0.16952281340491027,0.15388169809011742,0.19673131016315892,0.12180775825981982,0.13276150991441682,-0.3927149233641103,-0.235894012672361,-0.704464724753052,0.1259926604689099,-0.38783389481250197,2.1994093228131533
262,0.14528198959305882,0.13074547081487253,0.1580194290727377,0.13960461871465668,0.12423160095931962,-0.3921457331161946,-0.23332049790769815,-0.7492984514683485,0.12988603173289448,-0.3329112706705928,2.1994093228131533
263,0.19741935998899862,0.17079314903821796,0.17667387222172692,0.115079815936042,0.15776228829054162,-0.38480362214613706,-0.2385611183126457,-0.7139998048078269,0.07240998567431234,-0.3666977104730904,2.1994093228131533
264,0.18964852229692042,0.16493056644685566,0.17347151349531487,0.11065246400539763,0.15662893402623013,-0.40078990056645125,-0.2321671888930723,-0.7123247485142201,0.0806658526416868,-0.3678111624903977,2.1994093228131533
265,0.2037692058365792,0.1743492916575633,0.17872939340304583,0.10557200250332244,0.15520731383003294,-0.387622912065126,-0.22835911955917254,-0.7152585349977016,0.07182699692202732,-0.36492786393500865,2.1994093228131533
266,0.19795054610585794,0.17607486783526838,0.15925295685883611,0.11574530199868605,0.17166839563287795,-0.39156094123609364,-0.2296155135263689,-0.7160586647223681,0.08266785374144092,-0.3491034960607067,2.1994093228131533
267,0.1927201968501322,0.16665108769666404,0.16531419183593243,0.10960377150331624,0.15515840728767216,-0.40280950732994825,-0.22693164990050718,-0.7174909980967641,0.07213758729631081,-0.3624213052680716,2.1994093228131533
268,0.1985764528508298,0.1577467789174989,0.17472215014277026,0.11414730321848765,0.1689228477771394,-0.403497246443294,-0.22969268186716363,-0.7121226857416332,0.06747830816311762,-0.3553093158407137,2.1994093228131533
269,0.20038506877608597,0.16145728685660288,0.17538986366707832,0.11332987481728196,0.15720793005311862,-0.40423542505595833,-0.23535303096286952,-0.7104363890830427,0.06968617450911552,-0.36102831875905395,2.1994093228131533
270,0.20367586618522182,0.1627028394723311,0.16563354595564306,0.12209899447043426,0.16031057183863595,-0.39544134773314,-0.23117774940328673,-0.7172642566729337,0.07039954263018444,-0.3556258836761117,2.1994093228131533
271,0.18829482706496492,0.16772250714711845,0.17517007706919685,0.11925525404512882,0.1594474614248611,-0.4007753507466987,-0.2330760735203512,-0.7162926604505628,0.07356427269405685,-0.3565299364272505,2.1994093228131533
272,0.19518417154904455,0.17053316644160077,0.1769611433846876,0.11408054389175959,0.15850431431317702,-0.3961675593163818,-0.23781193111790344,-0.7129714880138636,0.08218096167547628,-0.3606282542459667,2.1994093228131533
273,0.19022849248722196,0.16715935210231692,0.17501491669099778,0.11171258383546956,0.15159471140941605,-0.39660753530915827,-0.23257426649797708,-0.7204025508835912,0.07878420827910304,-0.3588410249212757,2.1994093228131533
274,0.19613954797387123,0.17217365838587284,0.17018217052100226,0.12038822151953354,0.1603902883362025,-0.39595716225448996,-0.23137148446403444,-0.7177583950106055,0.07244271642412059,-0.35559334070421755,2.1994093228131533
275,0.19305582100059837,0.16829961515031755,0.1698642789851874,0.11061732567031868,0.15645272511756048,-0.39627614174969494,-0.2371812453493476,-0.7188968767877668,0.07785416799015366,-0.35836863273289055,2.1994093228131533
276,0.2023218665854074,0.1675438434467651,0.17789068148704246,0.11590504768537357,0.15817707928363234,-0.3990655024535954,-0.22595872689271346,-0.7180652960669249,0.07366619046661071,-0.35170965013094246,2.1994093228131533
277,0.1991837079403922,0.16584478312870488,0.17088046803837642,0.1157728833204601,0.1595157028059475,-0.39620971644762903,-0.23140939947916195,-0.7174807658884674,0.08087877416983247,-0.3587408368475735,2.1994093228131533
278,0.17681197967613116,0.1636455089901574,0.14040608674986288,0.12758069671690464,0.11882432669517584,-0.4092751716962084,-0.23415186122292653,-0.7094843981321901,0.11346758686704561,-0.38531219016294926,2.1994093228131533
279,0.17823672376107424,0.1679084919160232,0.13765467487974092,0.13654597545973957,0.11694778336095624,-0.4119626034516841,-0.23556538269622251,-0.7069310543593019,0.11482195826829411,-0.3842534691793844,2.1994093228131533
280,0.16046253766398877,0.1995960550266318,0.14792416646378115,0.14358055574120954,0.15064934780821204,-0.38872349669691175,-0.2365657119662501,-0.7096528094261885,0.11164782245759852,-0.37953905994072556,2.1994093228131533
281,0.16492754418868572,0.20107630296843126,0.14559359359554946,0.14386767795076594,0.10591769815073349,-0.3996719786664471,-0.24292854050872847,-0.7106297952122986,0.10791936609894037,-0.3734586834907532,2.1994093228131533
282,0.1626012558117509,0.20112186972983181,0.15112709568347782,0.14503697532927617,0.10649846645537764,-0.3928741855779663,-0.24227883369894698,-0.712117271265015,0.11570351137197576,-0.376356306951493,2.1994093228131533
283,0.16686240246053785,0.1994865015731193,0.14859880815492943,0.1467499919817783,0.10782282595755532,-0.3940612741280347,-0.2392838471569121,-0.7131809093989432,0.11509005996049382,-0.3745305623160675,2.1994093228131533
284,0.1614922974840738,0.17636203969595954,0.16744115127949044,0.14586001896532252,0.1286543689784594,-0.393955891369842,-0.22152640990680084,-0.7165745329111814,0.09232160623650998,-0.38233607879374176,2.1994093228131533
285,0.1564849972492084,0.17548875557258725,0.16679489117814228,0.1454885087441653,0.11762632158934139,-0.39661349006928504,-0.22490908508189023,-0.7235249010846019,0.08580580845591612,-0.36784298392012715,2.1994093228131533
286,0.16096112685045227,0.1757307408261113,0.1670308448956348,0.1400776709197089,0.12186972482595593,-0.3932684409664944,-0.22106441634241492,-0.7214985487516969,0.0911381577316206,-0.38015704532153904,2.1994093228131533
287,0.1575550965499133,0.17458054271992296,0.1594769592047669,0.14331433665938675,0.12648377544246614,-0.4005182944238186,-0.22581633320078254,-0.72022147430107,0.08848302290425636,-0.3740300100762397,2.1994093228131533
288,0.163118454918731,0.171389716968406,0.1667244138661772,0.1452397986431606,0.12812250229762867,-0.3942254012217745,-0.21693873190088198,-0.7206714525818825,0.08924823565757833,-0.3810362907825038,2.1994093228131533
289,0.16218890773598105,0.17108226264826953,0.16645487770438194,0.14018168533220887,0.13061358855338767,-0.3928554917220026,-0.22080555238062516,-0.7216679572593421,0.09076151900808327,-0.37982621986884624,2.1994093228131533
290,0.15433802967891097,0.17399688070872799,0.1699740436160937,0.14562563720392063,0.12797609437257051,-0.3922865407075733,-0.2202643632190302,-0.723474727710709,0.08646698266966268,-0.3778610185254365,2.1994093228131533
291,0.1572962393402122,0.17470313963713124,0.16636741941329092,0.14491662732325494,0.12782133533619344,-0.3931640447117388,-0.22413688618689775,-0.7223459801170975,0.0844062517862767,-0.3787543867947534,2.1994093228131533
292,0.16098438121844083,0.1767194091808051,0.16770039481343701,0.14238461293280125,0.12751676043262705,-0.39210639090742916,-0.22069708845810965,-0.7228354590479285,0.08651083416771144,-0.3783479076810181,2.1994093228131533
293,0.16104749066289514,0.17665260093053803,0.16414206742774695,0.1449115758878179,0.1277198123279959,-0.3952720860252157,-0.21903090958949178,-0.7222689075861126,0.08602480072295293,-0.3778537302277982,2.1994093228131533
294,0.16206494194921106,0.17364097700919956,0.1670940014300868,0.14543124567717314,0.12821467296453193,-0.39195973391178995,-0.22073560493299738,-0.7231481736525893,0.08669756987364963,-0.3778946604579687,2.1994093228131533
295,0.1604951542103663,0.1728997344034724,0.16352270054630935,0.14632669818820432,0.12872615631204098,-0.3939910848857835,-0.22126946825301275,-0.7227329579181969,0.09018848842242733,-0.37765576236415654,2.1994093228131533
296,0.39170739869587123,0.15537238109391183,0.01741322586167371,0.11210902439779602,0.08006316030514427,-0.5382672352716327,-0.123623503401177,-0.6368798401672393,0.25827011512592435,-0.14395773014985025,2.1994093228131533
297,0.3498469388578087,0.1622011058498174,0.06830789061496034,0.11615255774813704,0.08121256454614922,-0.5875557917170227,-0.0778112702537328,-0.6270216323900968,0.22644387214677408,-0.16825968300690874,2.1994093228131533
298,0.3519698461750522,0.13165735616348684,0.05201150001084898,0.11007903673453256,0.05011598818236962,-0.5956902857869864,-0.06320668148691766,-0.6337027912959456,0.22098253824515268,-0.16409081971505657,2.1994093228131533
299,0.35105324850883335,0.1321915008011274,0.059413440045318566,0.1119477680476848,0.05113443642039783,-0.5890812755096704,-0.061943719076225534,-0.6371617265976965,0.23000822769245133,-0.16696378967026249,2.1994093228131533
300,0.354201139183715,0.12927869509439915,0.05543519622005988,0.11318826908245683,0.05189108748163562,-0.5899753849953413,-0.057927547342842445,-0.6366210891865194,0.22950892202788964,-0.16469371761195362,2.1994093228131533
301,0.3719391761114821,0.10699340479914099,0.03285227085871156,0.11249053245410323,0.08437580842291936,-0.5788126203697175,-0.07349977604462765,-0.6215289290994406,0.2631508548511192,-0.17147562059108168,2.1994093228131533
302,0.37299601559061557,0.10989805532153696,0.02980604735785164,0.11986658186651766,0.08270100769004785,-0.5808592736721039,-0.07395645216456614,-0.6183054118882865,0.26467824121937156,-0.16980504750972614,2.1994093228131533
303,0.19018077274085954,0.21055602637352422,0.19414294441230595,0.026148949560592882,0.12295825566980056,-0.4725242715794593,-0.12447888852329925,-0.7340731576550752,0.20182174287037924,-0.213071420264896,2.1994093228131533
304,0.3006716538220644,0.18518788286019117,0.11885821295436472,0.20295744214672595,0.17200015392154455,-0.4702289018314332,-0.10759031961788423,-0.6319748980458826,0.2644120429176837,-0.2937211486278102,2.1994093228131533
305,0.30089302244596183,0.18689100502524525,0.11746787463198416,0.20691816875478253,0.1711566704325378,-0.4712559210602194,-0.10801249224459752,-0.6303696900140494,0.2650341392727569,-0.29315396188758314,2.1994093228131533
306,0.27489915397018194,0.0905935755581595,0.17253491142764688,-0.5643460368737578,0.5862655567470938,-0.28622573777101934,0.08936931620701216,-0.04987009512842633,-0.3590835543582216,0.04086340656795073,2.1994093228131533
307,0.33105110190808773,0.17275514686480165,0.12411696129129268,-0.45112641737796366,0.6042069762479514,-0.328641849453561,0.09354991142754443,0.058272150563425384,-0.37460987479425967,0.10800447157816961,2.1994093228131533
308,0.3321607585530728,0.17679299839073792,0.12209873035317287,-0.44640121853444725,0.6047540332656354,-0.33135611936450005,0.0934134059061762,0.06340491722221486,-0.37628011032938957,0.11051687275175937,2.1994093228131533
309,0.3388696148758754,0.19155137694906443,0.11517699487740174,-0.4260530333267525,0.6035919690039009,-0.33824405493214726,0.0928434762172401,0.0815066414361354,-0.3793192704906687,0.12135683858650737,2.1994093228131533
310,0.2677473205840215,0.01550238385607372,0.17774435883620754,-0.44639696506783366,-0.036848613526672125,0.17868769553024322,0.039190975861856714,0.0020721565324492985,-0.554154705023393,0.594317089766264,2.1994093228131533
311,0.2912084579002112,-0.5024451690260321,0.062071919412119314,-0.05177185882348567,0.15390399674652144,0.6419701285194606,-0.28822771564591676,-0.0042517821420915425,-0.3531825145473704,0.10453345952555537,2.1994093228131533
312,0.28850925841834396,-0.44373763585463166,0.009838020745519316,0.09733662733924575,0.0741323946567718,0.6517420771997422,-0.3188495273934677,0.09898535499814898,-0.37988738424610347,0.15024762833490968,2.1994093228131533
313,0.17622701736399904,-0.48083190887700766,0.051635994255775586,-0.08489972306415439,0.12935361079871655,0.08760212003835477,0.07151327389874496,-0.8167668108362705,0.12047529520350508,-0.12440336737199686,2.1994093228131533
314,0.32356877729762346,-0.45964796107728034,0.00226725778884429,-0.4884692915948108,0.4467622999800369,-0.35961690091062337,0.007470460683180136,0.0029251236455820617,-0.3383762309094891,-0.02921502811659593,2.1994093228131533
315,0.1672231334960088,0.1578442170866765,0.20164647820638493,0.10978106697439216,0.1191487452306319,-0.3909195988671854,-0.2348813196294941,-0.7106639971025288,0.11853604213683866,-0.39025057142134756,2.1994093228131533
316,0.16937047860119492,0.14827295538270846,0.1980777833960019,0.10872268900857307,0.13621213659644127,-0.3913542072987184,-0.23518587817670777,-0.7091644110623747,0.12275997860706411,-0.3891807191539556,2.1994093228131533
317,0.1683941719820723,0.14791994774714112,0.2004375783726573,0.10885585346841253,0.13680720963748172,-0.38824262423440814,-0.23486165108624846,-0.7096961601637304,0.1260352060198784,-0.39031523931771517,2.1994093228131533
318,0.17042597488034517,0.14740438241278753,0.1993178123375401,0.10986340360250324,0.13722946727648377,-0.3888674390036613,-0.23355254606576636,-0.710078673902899,0.12581339804455638,-0.38944956311024725,2.1994093228131533
319,0.19004351779585704,0.16567786957602948,0.17186120752012357,0.11068757332395762,0.15676986839389428,-0.4037323574302718,-0.2339484490803443,-0.7132369803730398,0.07908807072089985,-0.36835460434667766,2.1994093228131533
320,0.18903480604058132,0.16557388758519664,0.17410141695290804,0.11110801211907528,0.1571730388677679,-0.4012507029110566,-0.23374477063771337,-0.713699049083516,0.08213584640179761,-0.3696820050245151,2.1994093228131533
321,0.19060558074852452,0.1649246026063338,0.17309173819376156,0.11167414701776579,0.1575992814032361,-0.4016784116392955,-0.23256524675525725,-0.7141921850852668,0.08176894683856517,-0.3689363197190687,2.1994093228131533
322,0.19319919898407534,0.1671079780207947,0.1655687674647197,0.10985085612628609,0.15558259695535526,-0.4041377338580787,-0.2274612985784188,-0.7196151237003505,0.07222454328439198,-0.36358603450935334,2.1994093228131533
323,0.20435047935461625,0.16090015158988535,0.16595340706408024,0.12009809730807319,0.16224304982461035,-0.3955109096132219,-0.23114423896186054,-0.7207533121109009,0.07118548368453048,-0.3574637488927692,2.1994093228131533
324,0.20554109493969008,0.16271799872629344,0.1649647381855175,0.12377259990898892,0.1617557138670236,-0.3964344278210774,-0.23161644604988396,-0.7197562265209854,0.07183959477697499,-0.3567136375932023,2.1994093228131533
325,0.1888549294671975,0.1669781452510506,0.17500381520949304,0.1117470028984826,0.15153356065275148,-0.39625709305983037,-0.23408123920671642,-0.7220848966389894,0.07783407758688554,-0.3602951020002365,2.1994093228131533
326,0.19034244178328663,0.16783188708359376,0.17568961065262556,0.1094093315768987,0.1515499100787565,-0.3975868357811123,-0.23329276667209342,-0.72162836487405,0.08120440013590269,-0.35754618840292096,2.1994093228131533
327,0.19043804495595396,0.16765903553459793,0.1739194817491807,0.11173484378377907,0.15169125562533736,-0.3986620680661872,-0.2338192934403196,-0.7211079839617014,0.07771412277361378,-0.359289814485237,2.1994093228131533
328,0.19109092239523306,0.16669024497969076,0.17546834680251777,0.11203689136891626,0.15195439447415993,-0.3971672964980826,-0.23398534039733931,-0.7209557385649532,0.07892554035061039,-0.36045732989441603,2.1994093228131533
329,0.19176786777097732,0.16666848229942843,0.1741900874185376,0.11153771134559065,0.1514601037488319,-0.3983652030583471,-0.23273996321950108,-0.7218097660224885,0.07920766930328682,-0.3584222731878981,2.1994093228131533
330,0.18977004213957116,0.16763097600778565,0.1754748539533466,0.11204121171613224,0.15186886297306046,-0.396883410285227,-0.23368179000681266,-0.7215646982658654,0.07975274004274979,-0.3600101914489642,2.1994093228131533
331,0.1895817760960199,0.16766679286956787,0.1755055651301518,0.11084736735210754,0.1515217439737171,-0.3972674277611077,-0.23306954017607495,-0.7225598443765193,0.07880591889261268,-0.35854717053007334,2.1994093228131533
332,0.19054752436932176,0.16698653728235513,0.17548579949652776,0.11291168761090375,0.152323424059432,-0.39706659654621035,-0.23278894560644403,-0.7216535771731287,0.07952699332963675,-0.3597302823327482,2.1994093228131533
333,0.19087259547086433,0.16717244050232694,0.17476682853884995,0.11243280759663321,0.152220894000493,-0.39720707503147423,-0.23286914126947522,-0.7218182752840221,0.0795357046299614,-0.3595721253659576,2.1994093228131533
334,0.193368285021279,0.16862142650643364,0.17010857537388802,0.11079354389221407,0.1567472766037099,-0.3970090070506558,-0.23770352074643597,-0.7202810170128942,0.07801209812168963,-0.359041286399588,2.1994093228131533
335,0.16274696728214622,0.20137613906990737,0.1513121859752573,0.1452182760112919,0.10662632988533005,-0.3933136387495324,-0.2426134542329237,-0.7129557051230222,0.11589793037273921,-0.3768440568819642,2.1994093228131533
336,0.16710602765670046,0.19901584513718262,0.14873205602634698,0.14614564389921725,0.10837502885260619,-0.39407920406665653,-0.23927566641941667,-0.7142335323151201,0.11540494827204384,-0.3750676700146869,2.1994093228131533
337,0.16732124442933127,0.1995401976746507,0.14839969779131934,0.14724032435333356,0.10817052857601084,-0.3943564050132409,-0.23942668252857402,-0.7139062401838601,0.11558643996249884,-0.3748930935980752,2.1994093228131533
338,0.15745428582886234,0.1742026234860532,0.16651771328179166,0.1442952398210764,0.12838160787941888,-0.3931894184788689,-0.22414602158823982,-0.7234275222290307,0.08466275362297893,-0.3793480336898938,2.1994093228131533
339,0.1576159197720699,0.1747258838149719,0.16621938423486426,0.14537289220606908,0.12817231158260256,-0.39349508471786976,-0.2243163810344413,-0.7231414383277297,0.08479749842081219,-0.37921616062521935,2.1994093228131533
340,0.16126252268441021,0.17689795600017533,0.16430113482056186,0.14508571330225095,0.12787149025825784,-0.3957310616970062,-0.21922716236440465,-0.7230807265732437,0.08608694438589737,-0.3782878560014069,2.1994093228131533
341,0.3514794649090618,0.13239067170070484,0.05951235046086367,0.11211269744671881,0.05120901393820532,-0.5898417700082064,-0.062075438094325364,-0.6380187796894461,0.230363265494816,-0.16722761042183265,2.1994093228131533
342,0.30095905531197786,0.1853023751755245,0.11897213137126528,0.20307820563903078,0.1722039946471341,-0.4706404226599261,-0.10767542698886245,-0.6326133192051202,0.26467629987746477,-0.29402112192474306,2.1994093228131533
343,0.30108569853473455,0.18663382052909583,0.11753283417783678,0.20661326369736344,0.17148469982203096,-0.4712988759856671,-0.10795960665564053,-0.6309190676547587,0.2652641552267596,-0.293415809283033,2.1994093228131533
344,0.3011439513647929,0.1868737330660224,0.11731337869423442,0.2072016092715785,0.1713688499876298,-0.4714385378174484,-0.10800399660365656,-0.6306712587829679,0.2653793420176953,-0.29331456776708364,2.1994093228131533
345,0.2679951369063929,0.015515474588028155,0.17790890333708376,-0.4468100944068283,-0.03688265281380154,0.1788545568124391,0.039227838613442145,0.0020744415114677395,-0.5546673641074449,0.5948679731227458,2.1994093228131533
346,0.32372588058933616,-0.4598706142278388,0.002266222224534431,-0.4887030286481604,0.44697880872990936,-0.3597893171245232,0.007474807818653062,0.0029271666217027814,-0.33853736193850636,-0.029228822437289637,2.1994093228131533
347,0.19018502777907997,0.1658135895850137,0.17192886106204242,0.11076401686295867,0.15688093361677602,-0.4040974652161822,-0.23416235233889893,-0.7137505896389484,0.07909355210722424,-0.3686220772797242,2.1994093228131533
348,0.20452120644040406,0.1609752406948246,0.16608625825028867,0.120137483056169,0.16241411230294034,-0.39580991643015295,-0.2313170987763442,-0.7213836868759245,0.07125896372599527,-0.3577791200950742,2.1994093228131533
349,0.2056033182889223,0.16286144050536677,0.16463551769265905,0.12378301523858681,0.16178742569172755,-0.39704080927185714,-0.23198369145393372,-0.7199634567368776,0.07152107590809464,-0.3568477805238217,2.1994093228131533
350,0.20546422735787928,0.16284537309547886,0.16506753669818863,0.1239027371047996,0.16188540129223838,-0.3965208469890058,-0.23193373065441847,-0.7200918935704976,0.0721319304429926,-0.35706064000260085,2.1994093228131533
351,0.20582405204186216,0.16272409341763705,0.16486595856258646,0.1240272872382775,0.16198160679778084,-0.3965930750127882,-0.231686748273205,-0.7201505755074322,0.07208298408659175,-0.3568927966989577,2.1994093228131533
352,0.18981681630248204,0.16768840904114768,0.17553435382433236,0.11207984521752223,0.1519180805189535,-0.3970039321575314,-0.2337701273499988,-0.7217959607951343,0.07979374538990669,-0.3601364098722115,2.1994093228131533
353,0.19340340694179758,0.16852233937243,0.17013447848148644,0.11066815725644119,0.15685555775417015,-0.3970113592222333,-0.23770179454004392,-0.720478825038299,0.07806402374990284,-0.3591457410948351,2.1994093228131533
354,0.1934471867280081,0.16862452926579863,0.17007963976357132,0.11087236064486206,0.1568205978255719,-0.3970720818033442,-0.23773545777658,-0.7204278791323304,0.07809212798019871,-0.35911631223279983,2.1994093228131533
355,0.16123431723099202,0.17693554208381101,0.16434532252606004,0.14512602833565325,0.12771046452689916,-0.3958102317992598,-0.21929256356088445,-0.7231931805144995,0.08604948915308341,-0.3781594324391335,2.1994093228131533
356,0.1612606808776036,0.17693051259266213,0.16420547058805823,0.14508544566342607,0.12787240138277411,-0.39588892727624625,-0.21932287875097245,-0.7231224204879254,0.08610516329645179,-0.3782622165745124,2.1994093228131533
357,0.16133082594024017,0.1768670016899705,0.16433395724743605,0.14503207412781194,0.1279430515714921,-0.39574900711886585,-0.21923266258090734,-0.7231532570440322,0.08614305238006637,-0.37837545259390026,2.1994093228131533
358,0.16125041176564991,0.17693468189099804,0.16433216340374202,0.14511309011140838,0.1278955385205336,-0.39575531682930887,-0.21929599536815658,-0.7231606342829764,0.08603662965469994,-0.3783536241389811,2.1994093228131533
359,0.1613135290099308,0.17696443310705945,0.16429389390395954,0.14511298784054816,0.12789375352440402,-0.39579034748021513,-0.21920259535545483,-0.723161575384438,0.08606235781917349,-0.3783400491811335,2.1994093228131533
360,0.16130547487409785,0.17690107080852613,0.16428298188839108,0.14513780223205686,0.12791141372872517,-0.3957686936482787,-0.21924314176430926,-0.7231687912717462,0.08613576146308333,-0.3783355279592797,2.1994093228131533
361,0.20454037957824767,0.1609895925503224,0.16610175604000688,0.12014798648306169,0.16242978029185906,-0.3958466307958588,-0.23133853171020746,-0.7214516652747989,0.07126581843476743,-0.3578128688968718,2.1994093228131533
362,0.20563325559487566,0.16288789763348177,0.1646484454977326,0.12380025087622926,0.16181048040743917,-0.3971127882832661,-0.2320261247223243,-0.7200679779052734,0.0715215785021428,-0.35690050187986344,2.1994093228131533
363,0.16126441193046048,0.17691294907126576,0.16420829918934032,0.14506349770817906,0.12789148214505985,-0.39589362603146583,-0.2193246886599809,-0.7231614186894149,0.08611516855307855,-0.3782835775054991,2.1994093228131533
364,0.16127470327774063,0.17693166207754984,0.1641975449747406,0.14510246471036226,0.12788542755879462,-0.39590312889777124,-0.21932936605298892,-0.7231507657561451,0.08612160524353385,-0.37827667756937444,2.1994093228131533
365,0.16125311964424327,0.1769260845030658,0.1643347346689552,0.14510236325440928,0.12790522607974708,-0.3957558667752892,-0.2192961789551191,-0.723179429769516,0.0860410944733303,-0.37836397939827293,2.1994093228131533
366,0.16125602863030508,0.17693514592247084,0.16432952764444053,0.14512101118452847,0.12790162937017158,-0.39576112863142043,-0.21929905115393922,-0.7231744250748307,0.08604348034714349,-0.378361624549143,2.1994093228131533
367,0.1613164670416154,0.17697000392945483,0.16428223223192617,0.14511365472571924,0.12789445091038942,-0.39581144566182047,-0.21921536087756976,-0.7231679479591548,0.086051122227218,-0.3783437227830291,2.1994093228131533
368,0.16130932432133704,0.17696961580077186,0.16429718787549064,0.14511664840392768,0.12789697450352833,-0.39579401700757444,-0.2192119315150194,-0.7231727675534785,0.08607022641808726,-0.37835254543460906,2.1994093228131533
369,0.16132051433669403,0.17696523695485666,0.1642908615176566,0.14512119541177526,0.12790003785630688,-0.3957962562562898,-0.21920470625627786,-0.7231752073857933,0.0860697437019553,-0.3783474648371339,2.1994093228131533
370,0.16125382424797863,0.17692656780127436,0.1643354480038397,0.14510266750585288,0.12790597387356684,-0.39575744327157736,-0.21929704950889573,-0.7231827564537525,0.0860415460774675,-0.3783657328458503,2.1994093228131533
371,0.1613096798537299,0.1769701704615727,0.16429767734371126,0.1451170933432877,0.12789736653212458,-0.395795124466531,-0.21921266755089164,-0.7231748662889004,0.08607058602501638,-0.37835375510621816,2.1994093228131533
