,0,1,tau
0,0.0,0.0,33.391032448128136
1,0.9999999999999937,0.0,33.391032448128136
2,0.9986740898848242,0.05147875477034621,33.391032448128136
3,0.9946998756145827,0.10282099713735976,33.391032448128136
4,0.988087896091071,0.1538905767040608,33.391032448128136
5,0.9788556850953517,0.20455206612619953,33.391032448128136
6,0.9670277247913143,0.2546711202412271,33.391032448128136
7,0.9526353808033765,0.30411483232751596,33.391032448128136
8,0.9357168190404878,0.35275208654909257,33.391032448128136
9,0.916316904486999,0.400453905651264,33.391032448128136
10,0.8944870822287899,0.4470937929851111,33.391032448128136
11,0.8702852410301497,0.4925480679538613,33.391032448128136
12,0.8437755598231803,0.5366961939915971,33.391032448128136
13,0.8150283375168063,0.57942109820456,33.391032448128136
14,0.7841198065767054,0.6206094818274189,33.391032448128136
15,0.7511319308705151,0.6601521206712276,33.391032448128136
16,0.7161521883143888,0.6979441547663392,33.391032448128136
17,0.6792733388972888,0.7338853664321945,33.391032448128136
18,0.6405931786981711,0.7678804460365952,33.391032448128136
19,0.6002142805483645,0.7998392447397144,33.391032448128136
20,0.5582437220268612,0.8296770135526137,33.391032448128136
21,0.5147928015098275,0.857314628076327,33.391032448128136
22,0.46997674302731707,0.8826787983255419,33.391032448128136
23,0.42391439070985804,0.9057022630804658,33.391032448128136
24,0.3767278936351827,0.9263239682514891,33.391032448128136
25,0.3285423819108327,0.9444892287836553,33.391032448128136
26,0.2794856348516077,0.9601498736715958,33.391032448128136
27,0.2296877421317941,0.9732643737003763,33.391032448128136
28,0.17928075881073455,0.9837979515735101,33.391032448128136
29,0.12839835514655012,0.9917226741360953,33.391032448128136
30,0.07717546212664586,0.9970175264485204,33.391032448128136
31,0.025747913654988394,0.9996684675143068,33.391032448128136
32,-0.025747913654988394,0.9996684675143068,33.391032448128136
33,-0.07717546212664586,0.9970175264485204,33.391032448128136
34,-0.12839835514655012,0.9917226741360953,33.391032448128136
35,-0.17928075881073455,0.9837979515735101,33.391032448128136
36,-0.2296877421317941,0.9732643737003763,33.391032448128136
37,-0.2794856348516077,0.9601498736715958,33.391032448128136
38,-0.3285423819108327,0.9444892287836553,33.391032448128136
39,-0.3767278936351827,0.9263239682514891,33.391032448128136
40,-0.42391439070985804,0.9057022630804658,33.391032448128136
41,-0.46997674302731707,0.8826787983255419,33.391032448128136
42,-0.5147928015098275,0.857314628076327,33.391032448128136
43,-0.5582437220268612,0.8296770135526137,33.391032448128136
44,-0.6002142805483645,0.7998392447397144,33.391032448128136
45,-0.6405931786981711,0.7678804460365952,33.391032448128136
46,-0.6792733388972888,0.7338853664321945,33.391032448128136
47,-0.7161521883143888,0.6979441547663392,33.391032448128136
48,-0.7511319308705151,0.6601521206712276,33.391032448128136
49,-0.7841198065767054,0.6206094818274189,33.391032448128136
50,-0.8150283375168063,0.57942109820456,33.391032448128136
51,-0.8437755598231803,0.5366961939915971,33.391032448128136
52,-0.8702852410301497,0.4925480679538613,33.391032448128136
53,-0.8944870822287899,0.4470937929851111,33.391032448128136
54,-0.916316904486999,0.400453905651264,33.391032448128136
55,-0.9357168190404878,0.35275208654909257,33.391032448128136
56,-0.9526353808033765,0.30411483232751596,33.391032448128136
57,-0.9670277247913143,0.2546711202412271,33.391032448128136
58,-0.9788556850953517,0.20455206612619953,33.391032448128136
59,-0.988087896091071,0.1538905767040608,33.391032448128136
60,-0.9946998756145827,0.10282099713735976,33.391032448128136
61,-0.9986740898848242,0.05147875477034621,33.391032448128136
62,-0.9999999999999937,1.7359815065233773e-151,33.391032448128136
63,-0.9986740898848242,-0.05147875477034621,33.391032448128136
64,-0.9946998756145827,-0.10282099713735976,33.391032448128136
65,-0.988087896091071,-0.1538905767040608,33.391032448128136
66,-0.9788556850953517,-0.20455206612619953,33.391032448128136
67,-0.9670277247913143,-0.2546711202412271,33.391032448128136
68,-0.9526353808033765,-0.30411483232751596,33.391032448128136
69,-0.9357168190404878,-0.35275208654909257,33.391032448128136
70,-0.916316904486999,-0.400453905651264,33.391032448128136
71,-0.8944870822287899,-0.4470937929851111,33.391032448128136
72,-0.8702852410301497,-0.4925480679538613,33.391032448128136
73,-0.8437755598231803,-0.5366961939915971,33.391032448128136
74,-0.8150283375168063,-0.57942109820456,33.391032448128136
75,-0.7841198065767054,-0.6206094818274189,33.391032448128136
76,-0.7511319308705151,-0.6601521206712276,33.391032448128136
77,-0.7161521883143888,-0.6979441547663392,33.391032448128136
78,-0.6792733388972888,-0.7338853664321945,33.391032448128136
79,-0.6405931786981711,-0.7678804460365952,33.391032448128136
80,-0.6002142805483645,-0.7998392447397144,33.391032448128136
81,-0.5582437220268612,-0.8296770135526137,33.391032448128136
82,-0.5147928015098275,-0.857314628076327,33.391032448128136
83,-0.46997674302731707,-0.8826787983255419,33.391032448128136
84,-0.42391439070985804,-0.9057022630804658,33.391032448128136
85,-0.3767278936351827,-0.9263239682514891,33.391032448128136
86,-0.3285423819108327,-0.9444892287836553,33.391032448128136
87,-0.2794856348516077,-0.9601498736715958,33.391032448128136
88,-0.2296877421317941,-0.9732643737003763,33.391032448128136
89,-0.17928075881073455,-0.9837979515735101,33.391032448128136
90,-0.12839835514655012,-0.9917226741360953,33.391032448128136
91,-0.07717546212664586,-0.9970175264485204,33.391032448128136
92,-0.025747913654988394,-0.9996684675143068,33.391032448128136
93,0.025747913654988394,-0.9996684675143068,33.391032448128136
94,0.07717546212664586,-0.9970175264485204,33.391032448128136
95,0.12839835514655012,-0.9917226741360953,33.391032448128136
96,0.17928075881073455,-0.9837979515735101,33.391032448128136
97,0.2296877421317941,-0.9732643737003763,33.391032448128136
98,0.2794856348516077,-0.9601498736715958,33.391032448128136
99,0.3285423819108327,-0.9444892287836553,33.391032448128136
100,0.3767278936351827,-0.9263239682514891,33.391032448128136
101,0.42391439070985804,-0.9057022630804658,33.391032448128136
102,0.46997674302731707,-0.8826787983255419,33.391032448128136
103,0.5147928015098275,-0.857314628076327,33.391032448128136
104,0.5582437220268612,-0.8296770135526137,33.391032448128136
105,0.6002142805483645,-0.7998392447397144,33.391032448128136
106,0.6405931786981711,-0.7678804460365952,33.391032448128136
107,0.6792733388972888,-0.7338853664321945,33.391032448128136
108,0.7161521883143888,-0.6979441547663392,33.391032448128136
109,0.7511319308705151,-0.6601521206712276,33.391032448128136
110,0.7841198065767054,-0.6206094818274189,33.391032448128136
111,0.8150283375168063,-0.57942109820456,33.391032448128136
112,0.8437755598231803,-0.5366961939915971,33.391032448128136
113,0.8702852410301497,-0.4925480679538613,33.391032448128136
114,0.8944870822287899,-0.4470937929851111,33.391032448128136
115,0.916316904486999,-0.400453905651264,33.391032448128136
116,0.9357168190404878,-0.35275208654909257,33.391032448128136
117,0.9526353808033765,-0.30411483232751596,33.391032448128136
118,0.9670277247913143,-0.2546711202412271,33.391032448128136
119,0.9788556850953517,-0.20455206612619953,33.391032448128136
120,0.988087896091071,-0.1538905767040608,33.391032448128136
121,0.9946998756145827,-0.10282099713735976,33.391032448128136
122,0.9986740898848242,-0.05147875477034621,33.391032448128136
123,0.9788556850953571,0.20455206612620438,33.391032448128136
124,0.9788556850953586,0.20455206612619725,33.391032448128136
125,0.8702852410301553,0.4925480679538644,33.391032448128136
126,0.7161521883143933,0.6979441547663435,33.391032448128136
127,0.6405931786981602,0.7678804460366124,33.391032448128136
128,0.6405931786981685,0.7678804460366055,33.391032448128136
129,0.6405931786981717,0.767880446036603,33.391032448128136
130,0.6405931786981736,0.7678804460366013,33.391032448128136
131,0.6405931786981751,0.7678804460366,33.391032448128136
132,0.6405931786981768,0.7678804460365988,33.391032448128136
133,0.6405931786981787,0.7678804460365971,33.391032448128136
134,0.6405931786981818,0.7678804460365944,33.391032448128136
135,0.6405931786981901,0.7678804460365877,33.391032448128136
136,0.3285423819108313,0.9444892287836625,33.391032448128136
137,0.3285423819108382,0.94448922878366,33.391032448128136
138,0.17928075881073566,0.9837979515735163,33.391032448128136
139,0.12839835514654013,0.9917226741361029,33.391032448128136
140,0.12839835514654735,0.9917226741361019,33.391032448128136
141,0.12839835514655096,0.9917226741361015,33.391032448128136
142,0.12839835514655457,0.991722674136101,33.391032448128136
143,0.12839835514656178,0.9917226741361002,33.391032448128136
144,-0.07717546212664635,0.9970175264485267,33.391032448128136
145,-0.17928075881074187,0.9837979515735152,33.391032448128136
146,-0.17928075881073566,0.9837979515735163,33.391032448128136
147,-0.17928075881072947,0.9837979515735175,33.391032448128136
148,-0.6002142805483711,0.7998392447397172,33.391032448128136
149,-0.6002142805483653,0.7998392447397216,33.391032448128136
150,-0.7841198065767158,0.620609481827416,33.391032448128136
151,-0.7841198065767117,0.6206094818274211,33.391032448128136
152,-0.7841198065767092,0.6206094818274244,33.391032448128136
153,-0.784119806576705,0.6206094818274296,33.391032448128136
154,-0.870285241030157,0.49254806795386125,33.391032448128136
155,-0.8702852410301535,0.4925480679538676,33.391032448128136
156,-0.9357168190404936,0.3527520865490948,33.391032448128136
157,-0.9526353808033836,0.3041148323275144,33.391032448128136
158,-0.9526353808033814,0.30411483232752134,33.391032448128136
159,-0.9670277247913204,0.25467112024122873,33.391032448128136
160,-0.9946998756145891,0.1028209971373604,33.391032448128136
161,-0.9946998756145887,-0.10282099713736402,33.391032448128136
162,-0.9946998756145894,-0.10282099713735679,33.391032448128136
163,-0.9670277247913194,-0.2546711202412323,33.391032448128136
164,-0.9670277247913213,-0.25467112024122524,33.391032448128136
165,-0.9163169044870003,-0.4004539056512765,33.391032448128136
166,-0.9163169044870033,-0.4004539056512698,33.391032448128136
167,-0.9163169044870048,-0.4004539056512665,33.391032448128136
168,-0.9163169044870062,-0.40045390565126315,33.391032448128136
169,-0.9163169044870091,-0.4004539056512565,33.391032448128136
170,-0.8944870822287928,-0.44709379298511953,33.391032448128136
171,-0.8944870822287956,-0.4470937929851139,33.391032448128136
172,-0.8944870822287984,-0.44709379298510826,33.391032448128136
173,-0.6792733388972931,-0.7338853664321991,33.391032448128136
174,-0.5582437220268648,-0.8296770135526189,33.391032448128136
175,-0.17928075881073208,-0.983797951573517,33.391032448128136
176,-0.17928075881073924,-0.9837979515735157,33.391032448128136
177,0.025747913654992193,-0.999668467514313,33.391032448128136
178,0.02574791365498492,-0.9996684675143132,33.391032448128136
179,0.32854238191083474,-0.9444892287836613,33.391032448128136
180,0.4239143907098607,-0.9057022630804715,33.391032448128136
181,0.6792733388972931,-0.7338853664321991,33.391032448128136
182,0.7511319308705199,-0.6601521206712317,33.391032448128136
183,0.815028337516815,-0.5794210982045586,33.391032448128136
184,0.8150283375168114,-0.5794210982045637,33.391032448128136
185,0.8150283375168077,-0.5794210982045688,33.391032448128136
186,0.935716819040495,-0.35275208654909135,33.391032448128136
187,0.9357168190404924,-0.3527520865490982,33.391032448128136
188,0.6405931786981602,0.7678804460366124,33.391032448128136
189,0.6405931786981602,0.7678804460366124,33.391032448128136
190,0.6405931786981602,0.7678804460366124,33.391032448128136
191,0.6405931786981602,0.7678804460366124,33.391032448128136
192,0.6405931786981602,0.7678804460366124,33.391032448128136
193,0.6405931786981602,0.7678804460366124,33.391032448128136
194,0.6405931786981602,0.7678804460366124,33.391032448128136
195,0.6405931786981602,0.7678804460366124,33.391032448128136
196,0.6405931786981602,0.7678804460366124,33.391032448128136
197,0.6405931786981602,0.7678804460366124,33.391032448128136
198,0.6405931786981602,0.7678804460366124,33.391032448128136
199,0.6405931786981602,0.7678804460366124,33.391032448128136
200,0.6405931786981602,0.7678804460366124,33.391032448128136
201,0.6405931786981602,0.7678804460366124,33.391032448128136
202,0.6405931786981602,0.7678804460366124,33.391032448128136
203,0.6405931786981602,0.7678804460366124,33.391032448128136
204,0.6405931786981685,0.7678804460366055,33.391032448128136
205,0.6405931786981685,0.7678804460366055,33.391032448128136
206,0.6405931786981736,0.7678804460366013,33.391032448128136
207,0.6405931786981751,0.7678804460366,33.391032448128136
208,0.6405931786981751,0.7678804460366,33.391032448128136
209,0.6405931786981751,0.7678804460366,33.391032448128136
210,0.6405931786981751,0.7678804460366,33.391032448128136
211,0.6405931786981751,0.7678804460366,33.391032448128136
212,0.6405931786981751,0.7678804460366,33.391032448128136
213,0.6405931786981751,0.7678804460366,33.391032448128136
214,0.6405931786981768,0.7678804460365988,33.391032448128136
215,0.6405931786981787,0.7678804460365971,33.391032448128136
216,0.6405931786981787,0.7678804460365971,33.391032448128136
217,0.6405931786981901,0.7678804460365877,33.391032448128136
218,0.6405931786981901,0.7678804460365877,33.391032448128136
219,0.6405931786981901,0.7678804460365877,33.391032448128136
220,0.6405931786981901,0.7678804460365877,33.391032448128136
221,0.6405931786981901,0.7678804460365877,33.391032448128136
222,0.6405931786981901,0.7678804460365877,33.391032448128136
223,0.3285423819108313,0.9444892287836625,33.391032448128136
224,0.3285423819108382,0.94448922878366,33.391032448128136
225,0.3285423819108382,0.94448922878366,33.391032448128136
226,0.17928075881073566,0.9837979515735163,33.391032448128136
227,0.12839835514654013,0.9917226741361029,33.391032448128136
228,0.12839835514654013,0.9917226741361029,33.391032448128136
229,0.12839835514654735,0.9917226741361019,33.391032448128136
230,0.12839835514656178,0.9917226741361002,33.391032448128136
231,-0.6002142805483711,0.7998392447397172,33.391032448128136
232,-0.870285241030157,0.49254806795386125,33.391032448128136
233,-0.870285241030157,0.49254806795386125,33.391032448128136
234,-0.870285241030157,0.49254806795386125,33.391032448128136
235,-0.8702852410301535,0.4925480679538676,33.391032448128136
236,-0.8702852410301535,0.4925480679538676,33.391032448128136
237,-0.8702852410301535,0.4925480679538676,33.391032448128136
238,-0.8702852410301535,0.4925480679538676,33.391032448128136
239,-0.9357168190404936,0.3527520865490948,33.391032448128136
240,-0.9526353808033836,0.3041148323275144,33.391032448128136
241,-0.9526353808033814,0.30411483232752134,33.391032448128136
242,-0.9946998756145894,-0.10282099713735679,33.391032448128136
243,-0.9946998756145894,-0.10282099713735679,33.391032448128136
244,-0.9946998756145894,-0.10282099713735679,33.391032448128136
245,-0.9163169044870048,-0.4004539056512665,33.391032448128136
246,-0.9163169044870062,-0.40045390565126315,33.391032448128136
247,-0.9163169044870091,-0.4004539056512565,33.391032448128136
248,0.6405931786981602,0.7678804460366124,33.391032448128136
249,0.6405931786981602,0.7678804460366124,33.391032448128136
250,0.6405931786981602,0.7678804460366124,33.391032448128136
251,0.6405931786981602,0.7678804460366124,33.391032448128136
252,0.6405931786981602,0.7678804460366124,33.391032448128136
253,0.6405931786981602,0.7678804460366124,33.391032448128136
254,0.6405931786981602,0.7678804460366124,33.391032448128136
255,0.6405931786981602,0.7678804460366124,33.391032448128136
256,0.6405931786981602,0.7678804460366124,33.391032448128136
257,0.6405931786981602,0.7678804460366124,33.391032448128136
258,0.6405931786981602,0.7678804460366124,33.391032448128136
259,0.6405931786981602,0.7678804460366124,33.391032448128136
260,0.6405931786981602,0.7678804460366124,33.391032448128136
261,0.6405931786981602,0.7678804460366124,33.391032448128136
262,0.6405931786981602,0.7678804460366124,33.391032448128136
263,0.6405931786981602,0.7678804460366124,33.391032448128136
264,0.6405931786981602,0.7678804460366124,33.391032448128136
265,0.6405931786981602,0.7678804460366124,33.391032448128136
266,0.6405931786981602,0.7678804460366124,33.391032448128136
267,0.6405931786981602,0.7678804460366124,33.391032448128136
268,0.6405931786981602,0.7678804460366124,33.391032448128136
269,0.6405931786981602,0.7678804460366124,33.391032448128136
270,0.6405931786981602,0.7678804460366124,33.391032448128136
271,0.6405931786981602,0.7678804460366124,33.391032448128136
272,0.6405931786981602,0.7678804460366124,33.391032448128136
273,0.6405931786981602,0.7678804460366124,33.391032448128136
274,0.6405931786981602,0.7678804460366124,33.391032448128136
275,0.6405931786981602,0.7678804460366124,33.391032448128136
276,0.6405931786981602,0.7678804460366124,33.391032448128136
277,0.6405931786981602,0.7678804460366124,33.391032448128136
278,0.6405931786981602,0.7678804460366124,33.391032448128136
279,0.6405931786981602,0.7678804460366124,33.391032448128136
280,0.6405931786981602,0.7678804460366124,33.391032448128136
281,0.6405931786981602,0.7678804460366124,33.391032448128136
282,0.6405931786981602,0.7678804460366124,33.391032448128136
283,0.6405931786981602,0.7678804460366124,33.391032448128136
284,0.6405931786981602,0.7678804460366124,33.391032448128136
285,0.6405931786981602,0.7678804460366124,33.391032448128136
286,0.6405931786981602,0.7678804460366124,33.391032448128136
287,0.6405931786981602,0.7678804460366124,33.391032448128136
288,0.6405931786981602,0.7678804460366124,33.391032448128136
289,0.6405931786981602,0.7678804460366124,33.391032448128136
290,0.6405931786981602,0.7678804460366124,33.391032448128136
291,0.6405931786981602,0.7678804460366124,33.391032448128136
292,0.6405931786981602,0.7678804460366124,33.391032448128136
293,0.6405931786981602,0.7678804460366124,33.391032448128136
294,0.6405931786981602,0.7678804460366124,33.391032448128136
295,0.6405931786981602,0.7678804460366124,33.391032448128136
296,0.6405931786981751,0.7678804460366,33.391032448128136
297,0.6405931786981751,0.7678804460366,33.391032448128136
298,0.6405931786981751,0.7678804460366,33.391032448128136
299,0.6405931786981751,0.7678804460366,33.391032448128136
300,0.6405931786981751,0.7678804460366,33.391032448128136
301,0.6405931786981751,0.7678804460366,33.391032448128136
302,0.6405931786981751,0.7678804460366,33.391032448128136
303,0.6405931786981787,0.7678804460365971,33.391032448128136
304,0.6405931786981901,0.7678804460365877,33.391032448128136
305,0.6405931786981901,0.7678804460365877,33.391032448128136
306,0.3285423819108313,0.9444892287836625,33.391032448128136
307,0.3285423819108382,0.94448922878366,33.391032448128136
308,0.3285423819108382,0.94448922878366,33.391032448128136
309,0.3285423819108382,0.94448922878366,33.391032448128136
310,0.12839835514654735,0.9917226741361019,33.391032448128136
311,-0.870285241030157,0.49254806795386125,33.391032448128136
312,-0.8702852410301535,0.4925480679538676,33.391032448128136
313,-0.9526353808033836,0.3041148323275144,33.391032448128136
314,-0.9946998756145894,-0.10282099713735679,33.391032448128136
315,0.6405931786981602,0.7678804460366124,33.391032448128136
316,0.6405931786981602,0.7678804460366124,33.391032448128136
317,0.6405931786981602,0.7678804460366124,33.391032448128136
318,0.6405931786981602,0.7678804460366124,33.391032448128136
319,0.6405931786981602,0.7678804460366124,33.391032448128136
320,0.6405931786981602,0.7678804460366124,33.391032448128136
321,0.6405931786981602,0.7678804460366124,33.391032448128136
322,0.6405931786981602,0.7678804460366124,33.391032448128136
323,0.6405931786981602,0.7678804460366124,33.391032448128136
324,0.6405931786981602,0.7678804460366124,33.391032448128136
325,0.6405931786981602,0.7678804460366124,33.391032448128136
326,0.6405931786981602,0.7678804460366124,33.391032448128136
327,0.6405931786981602,0.7678804460366124,33.391032448128136
328,0.6405931786981602,0.7678804460366124,33.391032448128136
329,0.6405931786981602,0.7678804460366124,33.391032448128136
330,0.6405931786981602,0.7678804460366124,33.391032448128136
331,0.6405931786981602,0.7678804460366124,33.391032448128136
332,0.6405931786981602,0.7678804460366124,33.391032448128136
333,0.6405931786981602,0.7678804460366124,33.391032448128136
334,0.6405931786981602,0.7678804460366124,33.391032448128136
335,0.6405931786981602,0.7678804460366124,33.391032448128136
336,0.6405931786981602,0.7678804460366124,33.391032448128136
337,0.6405931786981602,0.7678804460366124,33.391032448128136
338,0.6405931786981602,0.7678804460366124,33.391032448128136
339,0.6405931786981602,0.7678804460366124,33.391032448128136
340,0.6405931786981602,0.7678804460366124,33.391032448128136
341,0.6405931786981751,0.7678804460366,33.391032448128136
342,0.6405931786981901,0.7678804460365877,33.391032448128136
343,0.6405931786981901,0.7678804460365877,33.391032448128136
344,0.6405931786981901,0.7678804460365877,33.391032448128136
345,0.12839835514654735,0.9917226741361019,33.391032448128136
346,-0.9946998756145894,-0.10282099713735679,33.391032448128136
347,0.6405931786981602,0.7678804460366124,33.391032448128136
348,0.6405931786981602,0.7678804460366124,33.391032448128136
349,0.6405931786981602,0.7678804460366124,33.391032448128136
350,0.6405931786981602,0.7678804460366124,33.391032448128136
351,0.6405931786981602,0.7678804460366124,33.391032448128136
352,0.6405931786981602,0.7678804460366124,33.391032448128136
353,0.6405931786981602,0.7678804460366124,33.391032448128136
354,0.6405931786981602,0.7678804460366124,33.391032448128136
355,0.6405931786981602,0.7678804460366124,33.391032448128136
356,0.6405931786981602,0.7678804460366124,33.391032448128136
357,0.6405931786981602,0.7678804460366124,33.391032448128136
358,0.6405931786981602,0.7678804460366124,33.391032448128136
359,0.6405931786981602,0.7678804460366124,33.391032448128136
360,0.6405931786981602,0.7678804460366124,33.391032448128136
361,0.6405931786981602,0.7678804460366124,33.391032448128136
362,0.6405931786981602,0.7678804460366124,33.391032448128136
363,0.6405931786981602,0.7678804460366124,33.391032448128136
364,0.6405931786981602,0.7678804460366124,33.391032448128136
365,0.6405931786981602,0.7678804460366124,33.391032448128136
366,0.6405931786981602,0.7678804460366124,33.391032448128136
367,0.6405931786981602,0.7678804460366124,33.391032448128136
368,0.6405931786981602,0.7678804460366124,33.391032448128136
369,0.6405931786981602,0.7678804460366124,33.391032448128136
370,0.6405931786981602,0.7678804460366124,33.391032448128136
371,0.6405931786981602,0.7678804460366124,33.391032448128136
